-5.4853182382e-03 -6.8391149076e-03 -3.5585606289e-03 
-2.8443581020e-03 -1.3870142383e-03 2.5384208390e-03 
-3.1550157030e-03 1.8708018608e-03 -5.3436908175e-04 
-4.5199127604e-04 -3.6465980546e-03 -5.2164752125e-04 
-4.4366262983e-04 -3.6525468445e-03 -5.2921234698e-04 
-3.1159187959e-03 1.8435742761e-03 -5.2673002375e-04 
-2.8591289613e-03 -1.4191926995e-03 2.5636175013e-03 
-5.5165086541e-03 -6.8725709407e-03 -3.5849700268e-03 


-4.3307681187e-02 -6.0761514103e-02 -3.4586123046e-02 
-4.3596518941e-02 -6.1212337152e-02 3.4630852807e-02 
-4.3613471219e-02 6.1152711659e-02 -3.4767321883e-02 
-4.3705585759e-02 6.1219525378e-02 3.4800971411e-02 
4.3664182239e-02 -6.1143856944e-02 -3.4736309851e-02 
4.3542771177e-02 -6.1079174313e-02 3.4677547256e-02 
4.3556018367e-02 6.1194067123e-02 -3.4626760806e-02 
4.3330568187e-02 6.0747676781e-02 3.4538040471e-02 


-1.3802172959e-01 -8.2486220962e-02 -2.8849019487e-02 
-1.3803038707e-01 -8.2465038447e-02 2.8830176072e-02 
-1.3803135855e-01 8.2468906240e-02 -2.8826009826e-02 
-1.3802198525e-01 8.2497205778e-02 2.8842105714e-02 
1.3801839592e-01 -8.2485136438e-02 -2.8828329185e-02 
1.3803891570e-01 -8.2465668818e-02 2.8809674685e-02 
1.3805093983e-01 8.2484981314e-02 -2.8836413964e-02 
1.3799787488e-01 8.2451545441e-02 2.8823370683e-02 


1.4860703899e+01 2.3268482690e+01 1.0453773042e+01 
1.4860484223e+01 2.3224427587e+01 1.0439168404e+01 
1.4888678768e+01 2.3300566642e+01 1.0453900888e+01 
1.4882403806e+01 2.3270860834e+01 1.0469492484e+01 
1.4874402194e+01 2.3256500353e+01 1.0458214117e+01 
1.4865606732e+01 2.3271807767e+01 1.0436152379e+01 
1.4851746016e+01 2.3226469656e+01 1.0447175072e+01 
1.4869112310e+01 2.3256121201e+01 1.0435520538e+01 


-9.2011960158e-03 -3.8528156186e-03 -1.7560779173e-03 
-4.1991625557e-03 7.5537656670e-03 2.6041022450e-03 
2.6311271477e-03 7.9319239125e-03 5.0995634469e-03 
7.7180888674e-03 -3.5955174516e-03 -4.3088022699e-03 
7.7258341180e-03 -3.6012073802e-03 -4.3154506086e-03 
2.6719465284e-03 7.9049768346e-03 5.1029538168e-03 
-4.2052231810e-03 7.5315646385e-03 2.6272592799e-03 
-9.2440372163e-03 -3.9058778194e-03 -1.7958323141e-03 


-1.0676701243e-02 4.8905565646e-02 2.9939866373e-02 
-1.1298228367e-02 4.7589336556e-02 -2.9835968937e-02 
-1.1804425474e-02 -4.8309879692e-02 2.9263867394e-02 
-1.1895021657e-02 -4.8093348292e-02 -2.9438352642e-02 
1.1869710061e-02 4.8114808651e-02 2.9441085610e-02 
1.1699826705e-02 4.8368895978e-02 -2.9280365742e-02 
1.1165739897e-02 -4.7696659483e-02 2.9867971026e-02 
1.0806140495e-02 -4.8764749469e-02 -2.9873524503e-02 


