-2.3943310059e-01 -3.1437096218e-01 -1.8099989126e-01 
-1.4916092311e-01 -1.0998444604e-01 1.3653512566e-01 
-1.4799501266e-01 9.5069656356e-02 -3.3286918097e-02 
-2.6842178244e-02 -1.5617445915e-01 -1.9951502867e-02 
-2.6782438880e-02 -1.5632934324e-01 -2.0124795183e-02 
-1.4790147621e-01 9.5094894051e-02 -3.3164612517e-02 
-1.4921929960e-01 -1.0990061468e-01 1.3677073240e-01 
-2.3925492960e-01 -3.1411306317e-01 -1.8052289377e-01 


-2.0413789377e-01 -3.0860660457e-01 -1.9097984988e-01 
-2.8533954108e-01 -4.5561375761e-01 2.2501877541e-01 
-2.8631033543e-01 4.2984815848e-01 -2.5609184661e-01 
-3.1289379092e-01 4.4139760523e-01 2.5755959456e-01 
3.1261083069e-01 -4.4164095042e-01 -2.5738598773e-01 
2.8596457869e-01 -4.3006456715e-01 2.5598957171e-01 
2.8549860316e-01 4.5556356977e-01 -2.2481291893e-01 
2.0421504008e-01 3.0919368581e-01 1.9118439835e-01 


-9.5107973409e-01 -5.7543312567e-01 -2.1108423293e-01 
-9.6071048182e-01 -5.7668067405e-01 2.1115277777e-01 
-9.6047743887e-01 5.7536000349e-01 -2.0536823804e-01 
-9.5102826296e-01 5.7665075202e-01 2.0539463908e-01 
9.5110131434e-01 -5.7670236503e-01 -2.0538877592e-01 
9.6049218841e-01 -5.7533810036e-01 2.0533050789e-01 
9.6062864672e-01 5.7674251692e-01 -2.1116184078e-01 
9.5101310309e-01 5.7527524272e-01 2.1098403652e-01 


7.6137803788e+02 1.1976574706e+03 5.4664780005e+02 
7.4321764736e+02 1.1015406275e+03 5.4673084761e+02 
7.4530273916e+02 1.1991398808e+03 5.2755262004e+02 
7.6095197363e+02 1.1003100863e+03 5.2761389077e+02 
7.6053858451e+02 1.1013330517e+03 5.2767303990e+02 
7.4451450941e+02 1.1992171809e+03 5.2735899021e+02 
7.4352838281e+02 1.1016524752e+03 5.4639382324e+02 
7.6161265231e+02 1.1982173386e+03 5.4583172649e+02 


-3.6846762400e-01 -9.7358933435e-02 -1.8929140853e-02 
-1.9911423494e-01 2.8084394050e-01 8.3378456690e-02 
9.9614065403e-02 3.5674511793e-01 2.2817765786e-01 
3.2272508463e-01 -1.5377894247e-01 -1.9712865051e-01 
3.2285431358e-01 -1.5394104774e-01 -1.9729942969e-01 
9.9728281444e-02 3.5678106060e-01 2.2823669346e-01 
-1.9938662258e-01 2.8111039701e-01 8.3597555956e-02 
-3.6847816183e-01 -9.7623619229e-02 -1.8752526741e-02 


1.3327961579e-01 5.0672761474e-01 3.1227316986e-01 
-1.7750371716e-02 1.4964472873e-01 -3.0125475717e-01 
-1.7483618081e-01 -3.7199932301e-01 1.3034083594e-01 
-2.2215253520e-01 -2.7895132773e-01 -1.7418517706e-01 
2.2159610784e-01 2.7891911590e-01 1.7433374661e-01 
1.7443370511e-01 3.7169899441e-01 -1.3029854175e-01 
1.8187912506e-02 -1.4987809173e-01 3.0149148252e-01 
-1.3299739559e-01 -5.0570921703e-01 -3.1178940355e-01 


