6 0 2 2.2500000000e+02 2.2500000000e+02 2.2474772437e+02 2.2534356549e+02 0.0000000000e+00 1.2297897358e+00
2 1 0 2.2474772437e+02 2.2534356549e+02 2.2428427679e+02 2.2567726936e+02 1.2297897358e+00 1.9674226481e+00
0 0 4 2.2428427679e+02 2.2567726936e+02 2.2459942644e+02 2.2541634963e+02 1.9674226481e+00 7.5864114956e-01
4 1 6 2.2459942644e+02 2.2541634963e+02 2.2482521596e+02 2.2483442742e+02 7.5864114956e-01 1.7826631535e-02
6 1 4 2.2482521596e+02 2.2483442742e+02 2.2459883990e+02 2.2541653320e+02 1.7826631535e-02 7.5864114956e-01
4 2 5 2.2459883990e+02 2.2541653320e+02 2.2481361362e+02 2.2514856619e+02 7.5864114956e-01 4.9121353452e-01
5 0 1 2.2481361362e+02 2.2514856619e+02 2.2443689991e+02 2.2534646732e+02 4.9121353452e-01 1.7210484831e+00
1 2 0 2.2443689991e+02 2.2534646732e+02 2.2414077912e+02 2.2553609013e+02 1.7210484831e+00 2.0009790937e+00
0 0 4 2.2414077912e+02 2.2553609013e+02 2.2446450525e+02 2.2528589061e+02 2.0009790937e+00 7.9219759517e-01
4 0 0 2.2446450525e+02 2.2528589061e+02 2.2414145671e+02 2.2553577997e+02 7.9219759517e-01 2.0009790937e+00
0 0 4 2.2414145671e+02 2.2553577997e+02 2.2446518284e+02 2.2528558044e+02 2.0009790937e+00 7.9219759517e-01
4 2 5 2.2446518284e+02 2.2528558044e+02 2.2468882598e+02 2.2502496997e+02 7.9219759517e-01 5.2476998013e-01
5 1 7 2.2468882598e+02 2.2502496997e+02 2.2510163645e+02 2.2463053087e+02 5.2476998013e-01 -2.1288617497e-01
7 2 6 2.2510163645e+02 2.2463053087e+02 2.2485310832e+02 2.2487821128e+02 -2.1288617497e-01 6.6970351070e-02
6 2 7 2.2485310832e+02 2.2487821128e+02 2.2510166736e+02 2.2462987527e+02 6.6970351070e-02 -2.1288617497e-01
7 0 3 2.2510166736e+02 2.2462987527e+02 2.2478794674e+02 2.2489194378e+02 -2.1288617497e-01 9.9589815643e-01
3 1 1 2.2478794674e+02 2.2489194378e+02 2.2417473764e+02 2.2500766580e+02 9.9589815643e-01 1.7365746320e+00
1 1 3 2.2417473764e+02 2.2500766580e+02 2.2478794014e+02 2.2489161277e+02 1.7365746320e+00 9.9589815643e-01
3 1 1 2.2478794014e+02 2.2489161277e+02 2.2417473103e+02 2.2500733480e+02 9.9589815643e-01 1.7365746320e+00
1 1 3 2.2417473103e+02 2.2500733480e+02 2.2478793353e+02 2.2489128177e+02 1.7365746320e+00 9.9589815643e-01
3 0 7 2.2478793353e+02 2.2489128177e+02 2.2510148643e+02 2.2462946016e+02 9.9589815643e-01 -2.1288617497e-01
7 1 5 2.2510148643e+02 2.2462946016e+02 2.2468787928e+02 2.2502399311e+02 -2.1288617497e-01 5.2476998013e-01
5 0 1 2.2468787928e+02 2.2502399311e+02 2.2430473804e+02 2.2520914403e+02 5.2476998013e-01 1.7546049287e+00
1 0 5 2.2430473804e+02 2.2520914403e+02 2.2468864631e+02 2.2502383056e+02 1.7546049287e+00 5.2476998013e-01
5 1 7 2.2468864631e+02 2.2502383056e+02 2.2510145678e+02 2.2462939146e+02 5.2476998013e-01 -2.1288617497e-01
7 2 6 2.2510145678e+02 2.2462939146e+02 2.2485292865e+02 2.2487707187e+02 -2.1288617497e-01 6.6970351070e-02
6 0 2 2.2485292865e+02 2.2487707187e+02 2.2457822703e+02 2.2520298484e+02 6.6970351070e-02 1.2967600869e+00
2 2 3 2.2457822703e+02 2.2520298484e+02 2.2488585283e+02 2.2505062284e+02 1.2967600869e+00 1.0293587674e+00
3 0 7 2.2488585283e+02 2.2505062284e+02 2.2520798930e+02 2.2479943749e+02 1.0293587674e+00 -1.7942556396e-01
7 1 5 2.2520798930e+02 2.2479943749e+02 2.2478141481e+02 2.2517991263e+02 -1.7942556396e-01 5.5823059114e-01
5 1 7 2.2478141481e+02 2.2517991263e+02 2.2520718992e+02 2.2479950464e+02 5.5823059114e-01 -1.7942556396e-01
7 2 6 2.2520718992e+02 2.2479950464e+02 2.2495051492e+02 2.2503873205e+02 -1.7942556396e-01 1.0043096207e-01
6 0 2 2.2495051492e+02 2.2503873205e+02 2.2466506385e+02 2.2535527262e+02 1.0043096207e-01 1.3302206979e+00
2 1 0 2.2466506385e+02 2.2535527262e+02 2.2417049368e+02 2.2564082869e+02 1.3302206979e+00 2.0678536102e+00
0 1 2 2.2417049368e+02 2.2564082869e+02 2.2466521048e+02 2.2535391210e+02 2.0678536102e+00 1.3302206979e+00
2 1 0 2.2466521048e+02 2.2535391210e+02 2.2417064031e+02 2.2563946817e+02 1.3302206979e+00 2.0678536102e+00
0 0 4 2.2417064031e+02 2.2563946817e+02 2.2451036233e+02 2.2541146080e+02 2.0678536102e+00 8.5907211163e-01
4 2 5 2.2451036233e+02 2.2541146080e+02 2.2475092078e+02 2.2516637775e+02 8.5907211163e-01 5.9164449660e-01
5 0 1 2.2475092078e+02 2.2516637775e+02 2.2435626331e+02 2.2532551152e+02 5.9164449660e-01 1.8214794451e+00
1 2 0 2.2435626331e+02 2.2532551152e+02 2.2404262265e+02 2.2548448910e+02 1.8214794451e+00 2.1014100558e+00
0 2 1 2.2404262265e+02 2.2548448910e+02 2.2435550247e+02 2.2532545270e+02 2.1014100558e+00 1.8214794451e+00
1 0 5 2.2435550247e+02 2.2532545270e+02 2.2475093611e+02 2.2516620800e+02 1.8214794451e+00 5.9164449660e-01
5 2 4 2.2475093611e+02 2.2516620800e+02 2.2451013313e+02 2.2541086424e+02 5.9164449660e-01 8.5907211163e-01
4 0 0 2.2451013313e+02 2.2541086424e+02 2.2417110791e+02 2.2563860742e+02 8.5907211163e-01 2.0678536102e+00
0 0 4 2.2417110791e+02 2.2563860742e+02 2.2451082993e+02 2.2541060005e+02 2.0678536102e+00 8.5907211163e-01
4 0 0 2.2451082993e+02 2.2541060005e+02 2.2417180471e+02 2.2563834323e+02 8.5907211163e-01 2.0678536102e+00
0 1 2 2.2417180471e+02 2.2563834323e+02 2.2466652152e+02 2.2535142665e+02 2.0678536102e+00 1.3302206979e+00
2 1 0 2.2466652152e+02 2.2535142665e+02 2.2417195134e+02 2.2563698272e+02 1.3302206979e+00 2.0678536102e+00
0 2 1 2.2417195134e+02 2.2563698272e+02 2.2447931932e+02 2.2546753868e+02 2.0678536102e+00 1.7879229995e+00
1 0 5 2.2447931932e+02 2.2546753868e+02 2.2486918767e+02 2.2529511678e+02 1.7879229995e+00 5.5808805099e-01
5 0 1 2.2486918767e+02 2.2529511678e+02 2.2448009134e+02 2.2546740178e+02 5.5808805099e-01 1.7879229995e+00
1 1 3 2.2448009134e+02 2.2546740178e+02 2.2509844213e+02 2.2538297483e+02 1.7879229995e+00 1.0472465240e+00
3 0 7 2.2509844213e+02 2.2538297483e+02 2.2542501996e+02 2.2513759166e+02 1.0472465240e+00 -1.6153780742e-01
7 1 5 2.2542501996e+02 2.2513759166e+02 2.2499170824e+02 2.2551037588e+02 -1.6153780742e-01 5.7611834768e-01
5 2 4 2.2499170824e+02 2.2551037588e+02 2.2475473270e+02 2.2575874122e+02 5.7611834768e-01 8.4354596272e-01
4 2 5 2.2475473270e+02 2.2575874122e+02 2.2499145711e+02 2.2550995291e+02 8.4354596272e-01 5.7611834768e-01
5 0 1 2.2499145711e+02 2.2550995291e+02 2.2459931785e+02 2.2567519477e+02 5.7611834768e-01 1.8059532962e+00
1 1 3 2.2459931785e+02 2.2567519477e+02 2.2521909029e+02 2.2560192998e+02 1.8059532962e+00 1.0652768207e+00
3 1 1 2.2521909029e+02 2.2560192998e+02 2.2459933420e+02 2.2567486410e+02 1.0652768207e+00 1.8059532962e+00
1 1 3 2.2459933420e+02 2.2567486410e+02 2.2521910665e+02 2.2560159932e+02 1.8059532962e+00 1.0652768207e+00
3 1 1 2.2521910665e+02 2.2560159932e+02 2.2459935056e+02 2.2567453344e+02 1.0652768207e+00 1.8059532962e+00
1 2 0 2.2459935056e+02 2.2567453344e+02 2.2428821591e+02 2.2583836130e+02 1.8059532962e+00 2.0858839069e+00
0 2 1 2.2428821591e+02 2.2583836130e+02 2.2459858889e+02 2.2567448644e+02 2.0858839069e+00 1.8059532962e+00
1 2 0 2.2459858889e+02 2.2567448644e+02 2.2428745424e+02 2.2583831430e+02 1.8059532962e+00 2.0858839069e+00
0 0 4 2.2428745424e+02 2.2583831430e+02 2.2463123186e+02 2.2561646895e+02 2.0858839069e+00 8.7710240833e-01
4 2 5 2.2463123186e+02 2.2561646895e+02 2.2487616989e+02 2.2537576283e+02 8.7710240833e-01 6.0967479329e-01
5 1 7 2.2487616989e+02 2.2537576283e+02 2.2532094287e+02 2.2501775210e+02 6.0967479329e-01 -1.2798136181e-01
7 0 3 2.2532094287e+02 2.2501775210e+02 2.2498612820e+02 2.2525227218e+02 -1.2798136181e-01 1.0808029696e+00
3 1 1 2.2498612820e+02 2.2525227218e+02 2.2436531447e+02 2.2531557547e+02 1.0808029696e+00 1.8214794451e+00
1 2 0 2.2436531447e+02 2.2531557547e+02 2.2405167381e+02 2.2547455305e+02 1.8214794451e+00 2.1014100558e+00
0 0 4 2.2405167381e+02 2.2547455305e+02 2.2439885426e+02 2.2525807177e+02 2.1014100558e+00 8.9262855724e-01
4 0 0 2.2439885426e+02 2.2525807177e+02 2.2405237908e+02 2.2547431239e+02 8.9262855724e-01 2.1014100558e+00
0 2 1 2.2405237908e+02 2.2547431239e+02 2.2436525890e+02 2.2531527599e+02 2.1014100558e+00 1.8214794451e+00
1 0 5 2.2436525890e+02 2.2531527599e+02 2.2476069254e+02 2.2515603129e+02 1.8214794451e+00 5.9164449660e-01
5 0 1 2.2476069254e+02 2.2515603129e+02 2.2436603507e+02 2.2531516506e+02 5.9164449660e-01 1.8214794451e+00
1 0 5 2.2436603507e+02 2.2531516506e+02 2.2476146872e+02 2.2515592037e+02 1.8214794451e+00 5.9164449660e-01
5 0 1 2.2476146872e+02 2.2515592037e+02 2.2436681125e+02 2.2531505414e+02 5.9164449660e-01 1.8214794451e+00
1 0 5 2.2436681125e+02 2.2531505414e+02 2.2476224490e+02 2.2515580944e+02 1.8214794451e+00 5.9164449660e-01
5 0 1 2.2476224490e+02 2.2515580944e+02 2.2436758743e+02 2.2531494321e+02 5.9164449660e-01 1.8214794451e+00
1 2 0 2.2436758743e+02 2.2531494321e+02 2.2405394677e+02 2.2547392080e+02 1.8214794451e+00 2.1014100558e+00
0 0 4 2.2405394677e+02 2.2547392080e+02 2.2440112722e+02 2.2525743951e+02 2.1014100558e+00 8.9262855724e-01
4 2 5 2.2440112722e+02 2.2525743951e+02 2.2464977282e+02 2.2502056520e+02 8.9262855724e-01 6.2520094221e-01
5 1 7 2.2464977282e+02 2.2502056520e+02 2.2510005049e+02 2.2466950296e+02 6.2520094221e-01 -1.1245521289e-01
7 1 5 2.2510005049e+02 2.2466950296e+02 2.2464897074e+02 2.2502057870e+02 -1.1245521289e-01 6.2520094221e-01
5 1 7 2.2464897074e+02 2.2502057870e+02 2.2509924841e+02 2.2466951645e+02 6.2520094221e-01 -1.1245521289e-01
7 0 3 2.2509924841e+02 2.2466951645e+02 2.2476083305e+02 2.2489881009e+02 -1.1245521289e-01 1.0963291185e+00
3 1 1 2.2476083305e+02 2.2489881009e+02 2.2413911133e+02 2.2495246729e+02 1.0963291185e+00 1.8370055941e+00
1 1 3 2.2413911133e+02 2.2495246729e+02 2.2476085966e+02 2.2489848009e+02 1.8370055941e+00 1.0963291185e+00
3 1 1 2.2476085966e+02 2.2489848009e+02 2.2413913794e+02 2.2495213730e+02 1.0963291185e+00 1.8370055941e+00
1 0 5 2.2413913794e+02 2.2495213730e+02 2.2453699628e+02 2.2479905111e+02 1.8370055941e+00 6.0717064551e-01
5 1 7 2.2453699628e+02 2.2479905111e+02 2.2498087135e+02 2.2443992772e+02 6.0717064551e-01 -1.3048550959e-01
7 2 6 2.2498087135e+02 2.2443992772e+02 2.2471280055e+02 2.2466631203e+02 -1.3048550959e-01 1.4937101645e-01
6 0 2 2.2471280055e+02 2.2466631203e+02 2.2441220593e+02 2.2496850918e+02 1.4937101645e-01 1.3791607522e+00
2 1 0 2.2441220593e+02 2.2496850918e+02 2.2390425836e+02 2.2522952871e+02 1.3791607522e+00 2.1167936646e+00
0 2 1 2.2390425836e+02 2.2522952871e+02 2.2421954761e+02 2.2507532416e+02 2.1167936646e+00 1.8368630539e+00
1 0 5 2.2421954761e+02 2.2507532416e+02 2.2461738413e+02 2.2492218127e+02 1.8368630539e+00 6.0702810536e-01
5 2 4 2.2461738413e+02 2.2492218127e+02 2.2437284609e+02 2.2516310428e+02 6.0702810536e-01 8.7445572040e-01
4 0 0 2.2437284609e+02 2.2516310428e+02 2.2403035761e+02 2.2538560529e+02 8.7445572040e-01 2.0832372189e+00
0 1 2 2.2403035761e+02 2.2538560529e+02 2.2452942952e+02 2.2510633288e+02 2.0832372189e+00 1.3456043066e+00
2 2 3 2.2452942952e+02 2.2510633288e+02 2.2484412748e+02 2.2496917236e+02 1.3456043066e+00 1.0782029872e+00
