4 0 0 2.2500000000e+02 2.2500000000e+02 2.2495102447e+02 2.2540547065e+02 0.0000000000e+00 1.2087814986e+00
0 1 2 2.2495102447e+02 2.2540547065e+02 2.2505688018e+02 2.2484345605e+02 1.2087814986e+00 4.7114858624e-01
2 0 6 2.2505688018e+02 2.2484345605e+02 2.2500410640e+02 2.2442081545e+02 4.7114858624e-01 -7.5864114956e-01
6 1 4 2.2500410640e+02 2.2442081545e+02 2.2525052999e+02 2.2499472196e+02 -7.5864114956e-01 -1.7826631535e-02
4 1 6 2.2525052999e+02 2.2499472196e+02 2.2500381661e+02 2.2442135744e+02 -1.7826631535e-02 -7.5864114956e-01
6 2 7 2.2500381661e+02 2.2442135744e+02 2.2498984872e+02 2.2407027730e+02 -7.5864114956e-01 -1.0384976756e+00
7 0 3 2.2498984872e+02 2.2407027730e+02 2.2496972291e+02 2.2447856087e+02 -1.0384976756e+00 1.7028665581e-01
3 2 2 2.2496972291e+02 2.2447856087e+02 2.2488371706e+02 2.2481108929e+02 1.7028665581e-01 4.3768797524e-01
2 0 6 2.2488371706e+02 2.2481108929e+02 2.2481683365e+02 2.2439045078e+02 4.3768797524e-01 -7.9210176056e-01
6 0 2 2.2481683365e+02 2.2439045078e+02 2.2488420824e+02 2.2481133189e+02 -7.9210176056e-01 4.3768797524e-01
2 0 6 2.2488420824e+02 2.2481133189e+02 2.2481732483e+02 2.2439069337e+02 4.3768797524e-01 -7.9210176056e-01
6 2 7 2.2481732483e+02 2.2439069337e+02 2.2479161960e+02 2.2404027703e+02 -7.9210176056e-01 -1.0719582866e+00
7 1 5 2.2479161960e+02 2.2404027703e+02 2.2482023095e+02 2.2461116101e+02 -1.0719582866e+00 -3.3430213150e-01
5 2 4 2.2482023095e+02 2.2461116101e+02 2.2487101635e+02 2.2495066594e+02 -3.3430213150e-01 -6.6874516465e-02
4 2 5 2.2487101635e+02 2.2495066594e+02 2.2481974286e+02 2.2461109989e+02 -6.6874516465e-02 -3.3430213150e-01
5 0 1 2.2481974286e+02 2.2461109989e+02 2.2470970095e+02 2.2502215810e+02 -3.3430213150e-01 8.9553281705e-01
1 1 3 2.2470970095e+02 2.2502215810e+02 2.2503201615e+02 2.2448774391e+02 8.9553281705e-01 1.5485634150e-01
3 1 1 2.2503201615e+02 2.2448774391e+02 2.2470944984e+02 2.2502194235e+02 1.5485634150e-01 8.9553281705e-01
1 1 3 2.2470944984e+02 2.2502194235e+02 2.2503176504e+02 2.2448752816e+02 8.9553281705e-01 1.5485634150e-01
3 1 1 2.2503176504e+02 2.2448752816e+02 2.2470919872e+02 2.2502172660e+02 1.5485634150e-01 8.9553281705e-01
1 0 5 2.2470919872e+02 2.2502172660e+02 2.2481961853e+02 2.2460998140e+02 8.9553281705e-01 -3.3430213150e-01
5 1 7 2.2481961853e+02 2.2460998140e+02 2.2479055790e+02 2.2403976200e+02 -3.3430213150e-01 -1.0719582866e+00
7 0 3 2.2479055790e+02 2.2403976200e+02 2.2478410222e+02 2.2444849033e+02 -1.0719582866e+00 1.3682604480e-01
3 0 7 2.2478410222e+02 2.2444849033e+02 2.2479063531e+02 2.2404005026e+02 1.3682604480e-01 -1.0719582866e+00
7 1 5 2.2479063531e+02 2.2404005026e+02 2.2481924667e+02 2.2461093423e+02 -1.0719582866e+00 -3.3430213150e-01
5 2 4 2.2481924667e+02 2.2461093423e+02 2.2487003206e+02 2.2495043916e+02 -3.3430213150e-01 -6.6874516465e-02
4 0 0 2.2487003206e+02 2.2495043916e+02 2.2484826145e+02 2.2535827625e+02 -6.6874516465e-02 1.1419069821e+00
0 2 1 2.2484826145e+02 2.2535827625e+02 2.2489759568e+02 2.2501078167e+02 1.1419069821e+00 8.6197637144e-01
1 0 5 2.2489759568e+02 2.2501078167e+02 2.2499413921e+02 2.2459556367e+02 8.6197637144e-01 -3.6785857711e-01
5 1 7 2.2499413921e+02 2.2459556367e+02 2.2494596399e+02 2.2402664027e+02 -3.6785857711e-01 -1.1055147322e+00
7 1 5 2.2494596399e+02 2.2402664027e+02 2.2499371248e+02 2.2459624294e+02 -1.1055147322e+00 -3.6785857711e-01
5 2 4 2.2499371248e+02 2.2459624294e+02 2.2505585972e+02 2.2493385288e+02 -3.6785857711e-01 -1.0043096207e-01
4 0 0 2.2505585972e+02 2.2493385288e+02 2.2504778436e+02 2.2534219079e+02 -1.0043096207e-01 1.1083505365e+00
0 1 2 2.2504778436e+02 2.2534219079e+02 2.2509675785e+02 2.2477239482e+02 1.1083505365e+00 3.7071762417e-01
2 1 0 2.2509675785e+02 2.2477239482e+02 2.2504675438e+02 2.2534128987e+02 3.7071762417e-01 1.1083505365e+00
0 1 2 2.2504675438e+02 2.2534128987e+02 2.2509572787e+02 2.2477149390e+02 1.1083505365e+00 3.7071762417e-01
2 0 6 2.2509572787e+02 2.2477149390e+02 2.2500084513e+02 2.2435627418e+02 3.7071762417e-01 -8.5907211163e-01
6 2 7 2.2500084513e+02 2.2435627418e+02 2.2495174755e+02 2.2400836356e+02 -8.5907211163e-01 -1.1389286377e+00
7 0 3 2.2495174755e+02 2.2400836356e+02 2.2497265857e+02 2.2441660768e+02 -1.1389286377e+00 6.9855693730e-02
3 2 2 2.2497265857e+02 2.2441660768e+02 2.2492042614e+02 2.2475608364e+02 6.9855693730e-02 3.3725701316e-01
2 2 3 2.2492042614e+02 2.2475608364e+02 2.2497221066e+02 2.2441672222e+02 3.3725701316e-01 6.9855693730e-02
3 0 7 2.2497221066e+02 2.2441672222e+02 2.2495139617e+02 2.2400876053e+02 6.9855693730e-02 -1.1389286377e+00
7 2 6 2.2495139617e+02 2.2400876053e+02 2.2499998834e+02 2.2435625242e+02 -1.1389286377e+00 -8.5907211163e-01
6 0 2 2.2499998834e+02 2.2435625242e+02 2.2509537739e+02 2.2477168133e+02 -8.5907211163e-01 3.7071762417e-01
2 0 6 2.2509537739e+02 2.2477168133e+02 2.2500049465e+02 2.2435646160e+02 3.7071762417e-01 -8.5907211163e-01
6 0 2 2.2500049465e+02 2.2435646160e+02 2.2509588370e+02 2.2477189051e+02 -8.5907211163e-01 3.7071762417e-01
2 1 0 2.2509588370e+02 2.2477189051e+02 2.2504588024e+02 2.2534078556e+02 3.7071762417e-01 1.1083505365e+00
0 1 2 2.2504588024e+02 2.2534078556e+02 2.2509485372e+02 2.2477098959e+02 1.1083505365e+00 3.7071762417e-01
2 2 3 2.2509485372e+02 2.2477098959e+02 2.2515796238e+02 2.2443355055e+02 3.7071762417e-01 1.0331630474e-01
3 0 7 2.2515796238e+02 2.2443355055e+02 2.2515080764e+02 2.2402512088e+02 1.0331630474e-01 -1.1054680267e+00
7 0 3 2.2515080764e+02 2.2402512088e+02 2.2515804941e+02 2.2443383605e+02 -1.1054680267e+00 1.0331630474e-01
3 1 1 2.2515804941e+02 2.2443383605e+02 2.2486343185e+02 2.2498394285e+02 1.0331630474e-01 8.4399278029e-01
1 0 5 2.2486343185e+02 2.2498394285e+02 2.2495249306e+02 2.2456705588e+02 8.4399278029e-01 -3.8584216826e-01
5 1 7 2.2495249306e+02 2.2456705588e+02 2.2489409490e+02 2.2399909080e+02 -3.8584216826e-01 -1.1234983234e+00
7 2 6 2.2489409490e+02 2.2399909080e+02 2.2493731958e+02 2.2434729108e+02 -1.1234983234e+00 -8.4364179732e-01
6 2 7 2.2493731958e+02 2.2434729108e+02 2.2489359600e+02 2.2399866432e+02 -8.4364179732e-01 -1.1234983234e+00
7 0 3 2.2489359600e+02 2.2399866432e+02 2.2490820545e+02 2.2440718249e+02 -1.1234983234e+00 8.5286008040e-02
3 1 1 2.2490820545e+02 2.2440718249e+02 2.2462355383e+02 2.2496251163e+02 8.5286008040e-02 8.2596248360e-01
1 1 3 2.2462355383e+02 2.2496251163e+02 2.2490793995e+02 2.2440698471e+02 8.2596248360e-01 8.5286008040e-02
3 1 1 2.2490793995e+02 2.2440698471e+02 2.2462328833e+02 2.2496231385e+02 8.5286008040e-02 8.2596248360e-01
1 1 3 2.2462328833e+02 2.2496231385e+02 2.2490767444e+02 2.2440678694e+02 8.2596248360e-01 8.5286008040e-02
3 2 2 2.2490767444e+02 2.2440678694e+02 2.2485021021e+02 2.2474541656e+02 8.5286008040e-02 3.5268732747e-01
2 2 3 2.2485021021e+02 2.2474541656e+02 2.2490722482e+02 2.2440689456e+02 3.5268732747e-01 8.5286008040e-02
3 2 2 2.2490722482e+02 2.2440689456e+02 2.2484976059e+02 2.2474552418e+02 8.5286008040e-02 3.5268732747e-01
2 0 6 2.2484976059e+02 2.2474552418e+02 2.2474740714e+02 2.2433208261e+02 3.5268732747e-01 -8.7710240833e-01
6 2 7 2.2474740714e+02 2.2433208261e+02 2.2469204495e+02 2.2398511374e+02 -8.7710240833e-01 -1.1569589344e+00
7 1 5 2.2469204495e+02 2.2398511374e+02 2.2476902010e+02 2.2455150755e+02 -1.1569589344e+00 -4.1930277926e-01
5 0 1 2.2476902010e+02 2.2455150755e+02 2.2469427364e+02 2.2497042406e+02 -4.1930277926e-01 8.1053216929e-01
1 1 3 2.2469427364e+02 2.2497042406e+02 2.2497005429e+02 2.2441057529e+02 8.1053216929e-01 6.9855693730e-02
3 2 2 2.2497005429e+02 2.2441057529e+02 2.2491782185e+02 2.2475005125e+02 6.9855693730e-02 3.3725701316e-01
2 0 6 2.2491782185e+02 2.2475005125e+02 2.2480910131e+02 2.2433823819e+02 3.3725701316e-01 -8.9253272264e-01
6 0 2 2.2480910131e+02 2.2433823819e+02 2.2491833488e+02 2.2475024338e+02 -8.9253272264e-01 3.3725701316e-01
2 2 3 2.2491833488e+02 2.2475024338e+02 2.2497011940e+02 2.2441088195e+02 3.3725701316e-01 6.9855693730e-02
3 0 7 2.2497011940e+02 2.2441088195e+02 2.2494930491e+02 2.2400292027e+02 6.9855693730e-02 -1.1389286377e+00
7 0 3 2.2494930491e+02 2.2400292027e+02 2.2497021594e+02 2.2441116438e+02 -1.1389286377e+00 6.9855693730e-02
3 0 7 2.2497021594e+02 2.2441116438e+02 2.2494940145e+02 2.2400320270e+02 6.9855693730e-02 -1.1389286377e+00
7 0 3 2.2494940145e+02 2.2400320270e+02 2.2497031247e+02 2.2441144682e+02 -1.1389286377e+00 6.9855693730e-02
3 0 7 2.2497031247e+02 2.2441144682e+02 2.2494949798e+02 2.2400348513e+02 6.9855693730e-02 -1.1389286377e+00
7 0 3 2.2494949798e+02 2.2400348513e+02 2.2497040901e+02 2.2441172925e+02 -1.1389286377e+00 6.9855693730e-02
3 2 2 2.2497040901e+02 2.2441172925e+02 2.2491817657e+02 2.2475120521e+02 6.9855693730e-02 3.3725701316e-01
2 0 6 2.2491817657e+02 2.2475120521e+02 2.2480945603e+02 2.2433939215e+02 3.3725701316e-01 -8.9253272264e-01
6 2 7 2.2480945603e+02 2.2433939215e+02 2.2474874681e+02 2.2399331881e+02 -8.9253272264e-01 -1.1723892487e+00
7 1 5 2.2474874681e+02 2.2399331881e+02 2.2483445208e+02 2.2455845749e+02 -1.1723892487e+00 -4.3473309357e-01
5 1 7 2.2483445208e+02 2.2455845749e+02 2.2474836642e+02 2.2399402508e+02 -4.3473309357e-01 -1.1723892487e+00
7 1 5 2.2474836642e+02 2.2399402508e+02 2.2483407169e+02 2.2455916376e+02 -1.1723892487e+00 -4.3473309357e-01
5 0 1 2.2483407169e+02 2.2455916376e+02 2.2476579789e+02 2.2497918371e+02 -4.3473309357e-01 7.9510185498e-01
1 1 3 2.2476579789e+02 2.2497918371e+02 2.2503290740e+02 2.2441514637e+02 7.9510185498e-01 5.4425379420e-02
3 1 1 2.2503290740e+02 2.2441514637e+02 2.2476552641e+02 2.2497899422e+02 5.4425379420e-02 7.9510185498e-01
1 1 3 2.2476552641e+02 2.2497899422e+02 2.2503263592e+02 2.2441495689e+02 7.9510185498e-01 5.4425379420e-02
3 0 7 2.2503263592e+02 2.2441495689e+02 2.2500552918e+02 2.2400736493e+02 5.4425379420e-02 -1.1543589520e+00
7 1 5 2.2500552918e+02 2.2400736493e+02 2.2508103146e+02 2.2457395696e+02 -1.1543589520e+00 -4.1670279688e-01
5 2 4 2.2508103146e+02 2.2457395696e+02 2.2515958832e+02 2.2490812993e+02 -4.1670279688e-01 -1.4927518184e-01
4 0 0 2.2515958832e+02 2.2490812993e+02 2.2517145961e+02 2.2531637511e+02 -1.4927518184e-01 1.0595063167e+00
0 1 2 2.2517145961e+02 2.2531637511e+02 2.2519255451e+02 2.2474486758e+02 1.0595063167e+00 3.2187340440e-01
2 2 3 2.2519255451e+02 2.2474486758e+02 2.2523911251e+02 2.2440474971e+02 3.2187340440e-01 5.4472084965e-02
3 0 7 2.2523911251e+02 2.2440474971e+02 2.2521202481e+02 2.2399715649e+02 5.4472084965e-02 -1.1543122464e+00
7 2 6 2.2521202481e+02 2.2399715649e+02 2.2526595669e+02 2.2434385977e+02 -1.1543122464e+00 -8.7445572040e-01
6 0 2 2.2526595669e+02 2.2434385977e+02 2.2536772500e+02 2.2475777215e+02 -8.7445572040e-01 3.5533401540e-01
2 1 0 2.2536772500e+02 2.2475777215e+02 2.2532647876e+02 2.2532736909e+02 3.5533401540e-01 1.0929669277e+00
0 2 1 2.2532647876e+02 2.2532736909e+02 2.2535875431e+02 2.2497787711e+02 1.0929669277e+00 8.1303631707e-01
1 2 0 2.2535875431e+02 2.2497787711e+02 2.2532602334e+02 2.2532798141e+02 8.1303631707e-01 1.0929669277e+00
0 1 2 2.2532602334e+02 2.2532798141e+02 2.2536622585e+02 2.2475749950e+02 1.0929669277e+00 3.5533401540e-01
2 0 6 2.2536622585e+02 2.2475749950e+02 2.2526496702e+02 2.2434378849e+02 3.5533401540e-01 -8.7445572040e-01
6 1 4 2.2526496702e+02 2.2434378849e+02 2.2557605805e+02 2.2488537471e+02 -8.7445572040e-01 -1.3364120237e-01
4 1 6 2.2557605805e+02 2.2488537471e+02 2.2526474179e+02 2.2434436034e+02 -1.3364120237e-01 -8.7445572040e-01
6 0 2 2.2526474179e+02 2.2434436034e+02 2.2536651010e+02 2.2475827272e+02 -8.7445572040e-01 3.5533401540e-01
2 2 3 2.2536651010e+02 2.2475827272e+02 2.2542442046e+02 2.2441990280e+02 3.5533401540e-01 8.7932695970e-02
3 2 2 2.2542442046e+02 2.2441990280e+02 2.2536606019e+02 2.2475837914e+02 8.7932695970e-02 3.5533401540e-01
2 2 3 2.2536606019e+02 2.2475837914e+02 2.2542397055e+02 2.2442000922e+02 3.5533401540e-01 8.7932695970e-02
3 2 2 2.2542397055e+02 2.2442000922e+02 2.2536561028e+02 2.2475848557e+02 8.7932695970e-02 3.5533401540e-01
2 1 0 2.2536561028e+02 2.2475848557e+02 2.2532436404e+02 2.2532808251e+02 3.5533401540e-01 1.0929669277e+00
0 2 1 2.2532436404e+02 2.2532808251e+02 2.2535663959e+02 2.2497859053e+02 1.0929669277e+00 8.1303631707e-01
1 2 0 2.2535663959e+02 2.2497859053e+02 2.2532390862e+02 2.2532869482e+02 8.1303631707e-01 1.0929669277e+00
0 2 1 2.2532390862e+02 2.2532869482e+02 2.2535618417e+02 2.2497920284e+02 1.0929669277e+00 8.1303631707e-01
1 2 0 2.2535618417e+02 2.2497920284e+02 2.2532345319e+02 2.2532930714e+02 8.1303631707e-01 1.0929669277e+00
0 2 1 2.2532345319e+02 2.2532930714e+02 2.2535572874e+02 2.2497981516e+02 1.0929669277e+00 8.1303631707e-01
1 0 5 2.2535572874e+02 2.2497981516e+02 2.2543184400e+02 2.2456037135e+02 8.1303631707e-01 -4.1679863148e-01
5 1 7 2.2543184400e+02 2.2456037135e+02 2.2535589443e+02 2.2399448589e+02 -4.1679863148e-01 -1.1544547866e+00
7 2 6 2.2535589443e+02 2.2399448589e+02 2.2540987573e+02 2.2434118148e+02 -1.1544547866e+00 -8.7459826055e-01
6 2 7 2.2540987573e+02 2.2434118148e+02 2.2535538257e+02 2.2399407507e+02 -8.7459826055e-01 -1.1544547866e+00
7 1 5 2.2535538257e+02 2.2399407507e+02 2.2543093915e+02 2.2456065986e+02 -1.1544547866e+00 -4.1679863148e-01
5 2 4 2.2543093915e+02 2.2456065986e+02 2.2550952804e+02 2.2489482530e+02 -4.1679863148e-01 -1.4937101645e-01
4 1 6 2.2550952804e+02 2.2489482530e+02 2.2518974059e+02 2.2435877460e+02 -1.4937101645e-01 -8.9018553447e-01
6 0 2 2.2518974059e+02 2.2435877460e+02 2.2529800680e+02 2.2477103504e+02 -8.9018553447e-01 3.3960420133e-01
2 2 3 2.2529800680e+02 2.2477103504e+02 2.2535058772e+02 2.2443179610e+02 3.3960420133e-01 7.2202881895e-02
3 2 2 2.2535058772e+02 2.2443179610e+02 2.2529755862e+02 2.2477114853e+02 7.2202881895e-02 3.3960420133e-01
2 0 6 2.2529755862e+02 2.2477114853e+02 2.2518980498e+02 2.2435908142e+02 3.3960420133e-01 -8.9018553447e-01
6 2 7 2.2518980498e+02 2.2435908142e+02 2.2512990822e+02 2.2401286653e+02 -8.9018553447e-01 -1.1700420605e+00
7 0 3 2.2512990822e+02 2.2401286653e+02 2.2516350895e+02 2.2442026255e+02 -1.1700420605e+00 3.8742270890e-02
3 0 7 2.2516350895e+02 2.2442026255e+02 2.2513001349e+02 2.2401314582e+02 3.8742270890e-02 -1.1700420605e+00
7 2 6 2.2513001349e+02 2.2401314582e+02 2.2518939206e+02 2.2435895791e+02 -1.1700420605e+00 -8.9018553447e-01
6 0 2 2.2518939206e+02 2.2435895791e+02 2.2529765827e+02 2.2477121835e+02 -8.9018553447e-01 3.3960420133e-01
2 2 3 2.2529765827e+02 2.2477121835e+02 2.2535023919e+02 2.2443197941e+02 3.3960420133e-01 7.2202881895e-02
3 2 2 2.2535023919e+02 2.2443197941e+02 2.2529721009e+02 2.2477133184e+02 7.2202881895e-02 3.3960420133e-01
2 2 3 2.2529721009e+02 2.2477133184e+02 2.2534979101e+02 2.2443209290e+02 3.3960420133e-01 7.2202881895e-02
3 0 7 2.2534979101e+02 2.2443209290e+02 2.2532993414e+02 2.2402408348e+02 7.2202881895e-02 -1.1365814495e+00
7 0 3 2.2532993414e+02 2.2402408348e+02 2.2534988688e+02 2.2443237555e+02 -1.1365814495e+00 7.2202881895e-02
3 0 7 2.2534988688e+02 2.2443237555e+02 2.2533003002e+02 2.2402436614e+02 7.2202881895e-02 -1.1365814495e+00
7 1 5 2.2533003002e+02 2.2402436614e+02 2.2539544830e+02 2.2459221081e+02 -1.1365814495e+00 -3.9892529440e-01
5 2 4 2.2539544830e+02 2.2459221081e+02 2.2546805230e+02 2.2492772744e+02 -3.9892529440e-01 -1.3149767937e-01
4 0 0 2.2546805230e+02 2.2492772744e+02 2.2547266452e+02 2.2533611915e+02 -1.3149767937e-01 1.0772838192e+00
0 1 2 2.2547266452e+02 2.2533611915e+02 2.2550391552e+02 2.2476507692e+02 1.0772838192e+00 3.3965090687e-01
2 2 3 2.2550391552e+02 2.2476507692e+02 2.2555651229e+02 2.2442584044e+02 3.3965090687e-01 7.2249587440e-02
3 2 2 2.2555651229e+02 2.2442584044e+02 2.2550346734e+02 2.2476519039e+02 7.2249587440e-02 3.3965090687e-01
2 2 3 2.2550346734e+02 2.2476519039e+02 2.2555606410e+02 2.2442595390e+02 3.3965090687e-01 7.2249587440e-02
3 1 1 2.2555606410e+02 2.2442595390e+02 2.2527867597e+02 2.2498494659e+02 7.2249587440e-02 8.1292606300e-01
1 0 5 2.2527867597e+02 2.2498494659e+02 2.2535474498e+02 2.2456549439e+02 8.1292606300e-01 -4.1690888555e-01
5 0 1 2.2535474498e+02 2.2456549439e+02 2.2527899589e+02 2.2498423076e+02 -4.1690888555e-01 8.1292606300e-01
1 0 5 2.2527899589e+02 2.2498423076e+02 2.2535506490e+02 2.2456477856e+02 8.1292606300e-01 -4.1690888555e-01
5 0 1 2.2535506490e+02 2.2456477856e+02 2.2527931581e+02 2.2498351493e+02 -4.1690888555e-01 8.1292606300e-01
1 2 0 2.2527931581e+02 2.2498351493e+02 2.2524662344e+02 2.2533362284e+02 8.1292606300e-01 1.0928566736e+00
0 2 1 2.2524662344e+02 2.2533362284e+02 2.2527886045e+02 2.2498412730e+02 1.0928566736e+00 8.1292606300e-01
1 0 5 2.2527886045e+02 2.2498412730e+02 2.2535492946e+02 2.2456467510e+02 8.1292606300e-01 -4.1690888555e-01
5 0 1 2.2535492946e+02 2.2456467510e+02 2.2527918037e+02 2.2498341147e+02 -4.1690888555e-01 8.1292606300e-01
1 0 5 2.2527918037e+02 2.2498341147e+02 2.2535524938e+02 2.2456395928e+02 8.1292606300e-01 -4.1690888555e-01
5 1 7 2.2535524938e+02 2.2456395928e+02 2.2527923742e+02 2.2399808220e+02 -4.1690888555e-01 -1.1545650407e+00
7 2 6 2.2527923742e+02 2.2399808220e+02 2.2533325695e+02 2.2434477183e+02 -1.1545650407e+00 -8.7470851462e-01
6 0 2 2.2533325695e+02 2.2434477183e+02 2.2543512989e+02 2.2475865847e+02 -8.7470851462e-01 3.5508122118e-01
2 0 6 2.2543512989e+02 2.2475865847e+02 2.2533376647e+02 2.2434497307e+02 3.5508122118e-01 -8.7470851462e-01
6 1 4 2.2533376647e+02 2.2434497307e+02 2.2564499441e+02 2.2488648063e+02 -8.7470851462e-01 -1.3389399659e-01
4 0 0 2.2564499441e+02 2.2488648063e+02 2.2565058524e+02 2.2529486010e+02 -1.3389399659e-01 1.0748875020e+00
0 2 1 2.2565058524e+02 2.2529486010e+02 2.2567653725e+02 2.2494484175e+02 1.0748875020e+00 7.9495689131e-01
1 1 3 2.2567653725e+02 2.2494484175e+02 2.2594356500e+02 2.2438076570e+02 7.9495689131e-01 5.4280415755e-02
3 1 1 2.2594356500e+02 2.2438076570e+02 2.2567626574e+02 2.2494465230e+02 5.4280415755e-02 7.9495689131e-01
1 1 3 2.2567626574e+02 2.2494465230e+02 2.2594329349e+02 2.2438057625e+02 7.9495689131e-01 5.4280415755e-02
3 0 7 2.2594329349e+02 2.2438057625e+02 2.2591612767e+02 2.2397298823e+02 5.4280415755e-02 -1.1545039156e+00
7 0 3 2.2591612767e+02 2.2397298823e+02 2.2594339441e+02 2.2438085715e+02 -1.1545039156e+00 5.4280415755e-02
3 0 7 2.2594339441e+02 2.2438085715e+02 2.2591622859e+02 2.2397326912e+02 5.4280415755e-02 -1.1545039156e+00
7 1 5 2.2591622859e+02 2.2397326912e+02 2.2599181300e+02 2.2453985020e+02 -1.1545039156e+00 -4.1684776054e-01
5 1 7 2.2599181300e+02 2.2453985020e+02 2.2591583563e+02 2.2397396848e+02 -4.1684776054e-01 -1.1545039156e+00
7 2 6 2.2591583563e+02 2.2397396848e+02 2.2596983397e+02 2.2432066141e+02 -1.1545039156e+00 -8.7464738961e-01
6 1 4 2.2596983397e+02 2.2432066141e+02 2.2628102880e+02 2.2486218800e+02 -8.7464738961e-01 -1.3383287158e-01
4 0 0 2.2628102880e+02 2.2486218800e+02 2.2628659467e+02 2.2527056781e+02 -1.3383287158e-01 1.0749486270e+00
0 0 4 2.2628659467e+02 2.2527056781e+02 2.2628118815e+02 2.2486146003e+02 1.0749486270e+00 -1.3383287158e-01
4 1 6 2.2628118815e+02 2.2486146003e+02 2.2596976820e+02 2.2432050534e+02 -1.3383287158e-01 -8.7464738961e-01
6 2 7 2.2596976820e+02 2.2432050534e+02 2.2591525799e+02 2.2397340160e+02 -8.7464738961e-01 -1.1545039156e+00
7 1 5 2.2591525799e+02 2.2397340160e+02 2.2599084240e+02 2.2453998268e+02 -1.1545039156e+00 -4.1684776054e-01
5 1 7 2.2599084240e+02 2.2453998268e+02 2.2591486503e+02 2.2397410095e+02 -4.1684776054e-01 -1.1545039156e+00
7 1 5 2.2591486503e+02 2.2397410095e+02 2.2599044944e+02 2.2454068203e+02 -1.1545039156e+00 -4.1684776054e-01
5 0 1 2.2599044944e+02 2.2454068203e+02 2.2591467476e+02 2.2495941377e+02 -4.1684776054e-01 8.1298718801e-01
1 0 5 2.2591467476e+02 2.2495941377e+02 2.2599076940e+02 2.2453996623e+02 8.1298718801e-01 -4.1684776054e-01
5 0 1 2.2599076940e+02 2.2453996623e+02 2.2591499472e+02 2.2495869797e+02 -4.1684776054e-01 8.1298718801e-01
1 1 3 2.2591499472e+02 2.2495869797e+02 2.2619214897e+02 2.2439952793e+02 8.1298718801e-01 7.2310712450e-02
3 2 2 2.2619214897e+02 2.2439952793e+02 2.2613908328e+02 2.2473887464e+02 7.2310712450e-02 3.3971203188e-01
2 1 0 2.2613908328e+02 2.2473887464e+02 2.2610673995e+02 2.2530904639e+02 3.3971203188e-01 1.0773449442e+00
0 1 2 2.2610673995e+02 2.2530904639e+02 2.2613802586e+02 2.2473800608e+02 1.0773449442e+00 3.3971203188e-01
2 0 6 2.2613802586e+02 2.2473800608e+02 2.2603031666e+02 2.2432592735e+02 3.3971203188e-01 -8.9007770392e-01
6 0 2 2.2603031666e+02 2.2432592735e+02 2.2613853842e+02 2.2473819947e+02 -8.9007770392e-01 3.3971203188e-01
2 1 0 2.2613853842e+02 2.2473819947e+02 2.2610619509e+02 2.2530837123e+02 3.3971203188e-01 1.0773449442e+00
0 2 1 2.2610619509e+02 2.2530837123e+02 2.2613300716e+02 2.2495841770e+02 1.0773449442e+00 7.9741433355e-01
1 0 5 2.2613300716e+02 2.2495841770e+02 2.2620256085e+02 2.2453783605e+02 7.9741433355e-01 -4.3242061500e-01
5 2 4 2.2620256085e+02 2.2453783605e+02 2.2628636027e+02 2.2487073305e+02 -4.3242061500e-01 -1.6499299997e-01
4 2 5 2.2628636027e+02 2.2487073305e+02 2.2620206913e+02 2.2453782304e+02 -1.6499299997e-01 -4.3242061500e-01
5 1 7 2.2620206913e+02 2.2453782304e+02 2.2611728893e+02 2.2397319307e+02 -4.3242061500e-01 -1.1700767701e+00
7 1 5 2.2611728893e+02 2.2397319307e+02 2.2620168711e+02 2.2453852843e+02 -1.1700767701e+00 -4.3242061500e-01
5 1 7 2.2620168711e+02 2.2453852843e+02 2.2611690692e+02 2.2397389846e+02 -4.3242061500e-01 -1.1700767701e+00
7 2 6 2.2611690692e+02 2.2397389846e+02 2.2617629748e+02 2.2431970848e+02 -1.1700767701e+00 -8.9022024407e-01
6 0 2 2.2617629748e+02 2.2431970848e+02 2.2628457800e+02 2.2473196516e+02 -8.9022024407e-01 3.3956949173e-01
2 0 6 2.2628457800e+02 2.2473196516e+02 2.2617681007e+02 2.2431990179e+02 3.3956949173e-01 -8.9022024407e-01
6 1 4 2.2617681007e+02 2.2431990179e+02 2.2649639994e+02 2.2485651672e+02 -8.9022024407e-01 -1.4940572604e-01
4 0 0 2.2649639994e+02 2.2485651672e+02 2.2650832452e+02 2.2526476034e+02 -1.4940572604e-01 1.0593757725e+00
0 2 1 2.2650832452e+02 2.2526476034e+02 2.2652884423e+02 2.2491438155e+02 1.0593757725e+00 7.7944516186e-01
1 2 0 2.2652884423e+02 2.2491438155e+02 2.2650788992e+02 2.2526538761e+02 7.7944516186e-01 1.0593757725e+00
0 0 4 2.2650788992e+02 2.2526538761e+02 2.2649611333e+02 2.2485641362e+02 1.0593757725e+00 -1.4940572604e-01
4 2 5 2.2649611333e+02 2.2485641362e+02 2.2641702137e+02 2.2452223023e+02 -1.4940572604e-01 -4.1683334108e-01
5 2 4 2.2641702137e+02 2.2452223023e+02 2.2649562186e+02 2.2485639295e+02 -4.1683334108e-01 -1.4940572604e-01
4 2 5 2.2649562186e+02 2.2485639295e+02 2.2641652991e+02 2.2452220956e+02 -1.4940572604e-01 -4.1683334108e-01
5 1 7 2.2641652991e+02 2.2452220956e+02 2.2634056070e+02 2.2395632674e+02 -4.1683334108e-01 -1.1544894962e+00
7 1 5 2.2634056070e+02 2.2395632674e+02 2.2641613694e+02 2.2452290891e+02 -1.1544894962e+00 -4.1683334108e-01
5 0 1 2.2641613694e+02 2.2452290891e+02 2.2634035622e+02 2.2494163956e+02 -4.1683334108e-01 8.1300160747e-01
1 0 5 2.2634035622e+02 2.2494163956e+02 2.2641645691e+02 2.2452219311e+02 8.1300160747e-01 -4.1683334108e-01
5 0 1 2.2641645691e+02 2.2452219311e+02 2.2634067619e+02 2.2494092375e+02 -4.1683334108e-01 8.1300160747e-01
1 2 0 2.2634067619e+02 2.2494092375e+02 2.2630795737e+02 2.2529102919e+02 8.1300160747e-01 1.0929322181e+00
0 2 1 2.2630795737e+02 2.2529102919e+02 2.2634022079e+02 2.2494153609e+02 1.0929322181e+00 8.1300160747e-01
1 1 3 2.2634022079e+02 2.2494153609e+02 2.2661738310e+02 2.2438237004e+02 8.1300160747e-01 7.2325131915e-02
3 1 1 2.2661738310e+02 2.2438237004e+02 2.2633995274e+02 2.2494134177e+02 7.2325131915e-02 8.1300160747e-01
1 0 5 2.2633995274e+02 2.2494134177e+02 2.2641605344e+02 2.2452189532e+02 8.1300160747e-01 -4.1683334108e-01
5 0 1 2.2641605344e+02 2.2452189532e+02 2.2634027271e+02 2.2494062597e+02 -4.1683334108e-01 8.1300160747e-01
1 2 0 2.2634027271e+02 2.2494062597e+02 2.2630755389e+02 2.2529073140e+02 8.1300160747e-01 1.0929322181e+00
0 1 2 2.2630755389e+02 2.2529073140e+02 2.2634773660e+02 2.2472024810e+02 1.0929322181e+00 3.5529930581e-01
2 1 0 2.2634773660e+02 2.2472024810e+02 2.2630651014e+02 2.2528984647e+02 3.5529930581e-01 1.0929322181e+00
0 2 1 2.2630651014e+02 2.2528984647e+02 2.2633877356e+02 2.2494035337e+02 1.0929322181e+00 8.1300160747e-01
1 0 5 2.2633877356e+02 2.2494035337e+02 2.2641487426e+02 2.2452090692e+02 8.1300160747e-01 -4.1683334108e-01
5 1 7 2.2641487426e+02 2.2452090692e+02 2.2633890505e+02 2.2395502410e+02 -4.1683334108e-01 -1.1544894962e+00
7 1 5 2.2633890505e+02 2.2395502410e+02 2.2641448129e+02 2.2452160627e+02 -1.1544894962e+00 -4.1683334108e-01
5 1 7 2.2641448129e+02 2.2452160627e+02 2.2633851208e+02 2.2395572345e+02 -4.1683334108e-01 -1.1544894962e+00
7 1 5 2.2633851208e+02 2.2395572345e+02 2.2641408832e+02 2.2452230562e+02 -1.1544894962e+00 -4.1683334108e-01
5 1 7 2.2641408832e+02 2.2452230562e+02 2.2633811912e+02 2.2395642280e+02 -4.1683334108e-01 -1.1544894962e+00
7 2 6 2.2633811912e+02 2.2395642280e+02 2.2639211245e+02 2.2430311652e+02 -1.1544894962e+00 -8.7463297014e-01
6 2 7 2.2639211245e+02 2.2430311652e+02 2.2633760725e+02 2.2395601199e+02 -8.7463297014e-01 -1.1544894962e+00
7 2 6 2.2633760725e+02 2.2395601199e+02 2.2639160058e+02 2.2430270571e+02 -1.1544894962e+00 -8.7463297014e-01
6 0 2 2.2639160058e+02 2.2430270571e+02 2.2649344225e+02 2.2471660004e+02 -8.7463297014e-01 3.5515676566e-01
2 1 0 2.2649344225e+02 2.2471660004e+02 2.2645229698e+02 2.2528620428e+02 3.5515676566e-01 1.0927896780e+00
0 2 1 2.2645229698e+02 2.2528620428e+02 2.2648451058e+02 2.2493670658e+02 1.0927896780e+00 8.1285906732e-01
1 1 3 2.2648451058e+02 2.2493670658e+02 2.2676159319e+02 2.2437750104e+02 8.1285906732e-01 7.2182591765e-02
3 1 1 2.2676159319e+02 2.2437750104e+02 2.2648424251e+02 2.2493651231e+02 7.2182591765e-02 8.1285906732e-01
1 1 3 2.2648424251e+02 2.2493651231e+02 2.2676132512e+02 2.2437730676e+02 8.1285906732e-01 7.2182591765e-02
3 1 1 2.2676132512e+02 2.2437730676e+02 2.2648397444e+02 2.2493631803e+02 7.2182591765e-02 8.1285906732e-01
1 0 5 2.2648397444e+02 2.2493631803e+02 2.2656001535e+02 2.2451686074e+02 8.1285906732e-01 -4.1697588123e-01
5 2 4 2.2656001535e+02 2.2451686074e+02 2.2663866346e+02 2.2485101224e+02 -4.1697588123e-01 -1.4954826619e-01
4 2 5 2.2663866346e+02 2.2485101224e+02 2.2655952388e+02 2.2451684013e+02 -1.4954826619e-01 -4.1697588123e-01
5 0 1 2.2655952388e+02 2.2451684013e+02 2.2648380284e+02 2.2493558158e+02 -4.1697588123e-01 8.1285906732e-01
1 1 3 2.2648380284e+02 2.2493558158e+02 2.2676088545e+02 2.2437637603e+02 8.1285906732e-01 7.2182591765e-02
3 1 1 2.2676088545e+02 2.2437637603e+02 2.2648353477e+02 2.2493538730e+02 7.2182591765e-02 8.1285906732e-01
1 0 5 2.2648353477e+02 2.2493538730e+02 2.2655957568e+02 2.2451593001e+02 8.1285906732e-01 -4.1697588123e-01
5 0 1 2.2655957568e+02 2.2451593001e+02 2.2648385464e+02 2.2493467145e+02 -4.1697588123e-01 8.1285906732e-01
1 0 5 2.2648385464e+02 2.2493467145e+02 2.2655989555e+02 2.2451521416e+02 8.1285906732e-01 -4.1697588123e-01
5 2 4 2.2655989555e+02 2.2451521416e+02 2.2663854367e+02 2.2484936566e+02 -4.1697588123e-01 -1.4954826619e-01
4 1 6 2.2663854367e+02 2.2484936566e+02 2.2631866120e+02 2.2431337166e+02 -1.4954826619e-01 -8.9036278422e-01
6 2 7 2.2631866120e+02 2.2431337166e+02 2.2625870308e+02 2.2396716740e+02 -8.9036278422e-01 -1.1702193103e+00
7 1 5 2.2625870308e+02 2.2396716740e+02 2.2634318184e+02 2.2453249072e+02 -1.1702193103e+00 -4.3256315515e-01
5 2 4 2.2634318184e+02 2.2453249072e+02 2.2642702870e+02 2.2486537577e+02 -4.3256315515e-01 -1.6513554012e-01
4 0 0 2.2642702870e+02 2.2486537577e+02 2.2644537314e+02 2.2527338133e+02 -1.6513554012e-01 1.0436459584e+00
0 2 1 2.2644537314e+02 2.2527338133e+02 2.2646037914e+02 2.2492272313e+02 1.0436459584e+00 7.6371534779e-01
1 0 5 2.2646037914e+02 2.2492272313e+02 2.2651572285e+02 2.2450003682e+02 7.6371534779e-01 -4.6611960076e-01
5 1 7 2.2651572285e+02 2.2450003682e+02 2.2641196694e+02 2.2393858389e+02 -4.6611960076e-01 -1.2037757559e+00
7 1 5 2.2641196694e+02 2.2393858389e+02 2.2651536481e+02 2.2450075468e+02 -1.2037757559e+00 -4.6611960076e-01
5 1 7 2.2651536481e+02 2.2450075468e+02 2.2641160890e+02 2.2393930175e+02 -4.6611960076e-01 -1.2037757559e+00
7 0 3 2.2641160890e+02 2.2393930175e+02 2.2645893088e+02 2.2434533273e+02 -1.2037757559e+00 5.0085755350e-03
3 0 7 2.2645893088e+02 2.2434533273e+02 2.2641172353e+02 2.2393957733e+02 5.0085755350e-03 -1.2037757559e+00
7 0 3 2.2641172353e+02 2.2393957733e+02 2.2645904551e+02 2.2434560831e+02 -1.2037757559e+00 5.0085755350e-03
3 0 7 2.2645904551e+02 2.2434560831e+02 2.2641183817e+02 2.2393985291e+02 5.0085755350e-03 -1.2037757559e+00
7 0 3 2.2641183817e+02 2.2393985291e+02 2.2645916014e+02 2.2434588389e+02 -1.2037757559e+00 5.0085755350e-03
3 0 7 2.2645916014e+02 2.2434588389e+02 2.2641195280e+02 2.2394012849e+02 5.0085755350e-03 -1.2037757559e+00
7 1 5 2.2641195280e+02 2.2394012849e+02 2.2651535068e+02 2.2450229929e+02 -1.2037757559e+00 -4.6611960076e-01
5 0 1 2.2651535068e+02 2.2450229929e+02 2.2646029129e+02 2.2492425490e+02 -4.6611960076e-01 7.6371534779e-01
1 2 0 2.2646029129e+02 2.2492425490e+02 2.2644486060e+02 2.2527554712e+02 7.6371534779e-01 1.0436459584e+00
0 2 1 2.2644486060e+02 2.2527554712e+02 2.2645986661e+02 2.2492488892e+02 1.0436459584e+00 7.6371534779e-01
1 1 3 2.2645986661e+02 2.2492488892e+02 2.2670914431e+02 2.2435274712e+02 7.6371534779e-01 2.3038872230e-02
3 1 1 2.2670914431e+02 2.2435274712e+02 2.2645958932e+02 2.2492470805e+02 2.3038872230e-02 7.6371534779e-01
1 1 3 2.2645958932e+02 2.2492470805e+02 2.2670886702e+02 2.2435256625e+02 7.6371534779e-01 2.3038872230e-02
3 2 2 2.2670886702e+02 2.2435256625e+02 2.2667257920e+02 2.2469411471e+02 2.3038872230e-02 2.9044019166e-01
2 1 0 2.2667257920e+02 2.2469411471e+02 2.2666835717e+02 2.2526518747e+02 2.9044019166e-01 1.0280731040e+00
0 1 2 2.2666835717e+02 2.2526518747e+02 2.2667148029e+02 2.2469329929e+02 1.0280731040e+00 2.9044019166e-01
2 0 6 2.2667148029e+02 2.2469329929e+02 2.2654360614e+02 2.2428702555e+02 2.9044019166e-01 -9.3934954414e-01
6 1 4 2.2654360614e+02 2.2428702555e+02 2.2688916331e+02 2.2480729808e+02 -9.3934954414e-01 -1.9853502611e-01
4 2 5 2.2688916331e+02 2.2480729808e+02 2.2679375520e+02 2.2447740209e+02 -1.9853502611e-01 -4.6596264115e-01
5 1 7 2.2679375520e+02 2.2447740209e+02 2.2669008741e+02 2.2391593288e+02 -4.6596264115e-01 -1.2036187962e+00
7 1 5 2.2669008741e+02 2.2391593288e+02 2.2679339705e+02 2.2447811989e+02 -1.2036187962e+00 -4.6596264115e-01
5 0 1 2.2679339705e+02 2.2447811989e+02 2.2673827143e+02 2.2490006686e+02 -4.6596264115e-01 7.6387230740e-01
1 0 5 2.2673827143e+02 2.2490006686e+02 2.2679368149e+02 2.2447738924e+02 7.6387230740e-01 -4.6596264115e-01
5 1 7 2.2679368149e+02 2.2447738924e+02 2.2669001370e+02 2.2391592003e+02 -4.6596264115e-01 -1.2036187962e+00
7 1 5 2.2669001370e+02 2.2391592003e+02 2.2679332334e+02 2.2447810705e+02 -1.2036187962e+00 -4.6596264115e-01
5 2 4 2.2679332334e+02 2.2447810705e+02 2.2688823956e+02 2.2480800652e+02 -4.6596264115e-01 -1.9853502611e-01
4 1 6 2.2688823956e+02 2.2480800652e+02 2.2654249473e+02 2.2428831924e+02 -1.9853502611e-01 -9.3934954414e-01
6 2 7 2.2654249473e+02 2.2428831924e+02 2.2646565588e+02 2.2394546627e+02 -9.3934954414e-01 -1.2192060702e+00
7 2 6 2.2646565588e+02 2.2394546627e+02 2.2654195736e+02 2.2428794239e+02 -1.2192060702e+00 -9.3934954414e-01
6 1 4 2.2654195736e+02 2.2428794239e+02 2.2688751453e+02 2.2480821493e+02 -9.3934954414e-01 -1.9853502611e-01
4 2 5 2.2688751453e+02 2.2480821493e+02 2.2679210642e+02 2.2447831893e+02 -1.9853502611e-01 -4.6596264115e-01
5 2 4 2.2679210642e+02 2.2447831893e+02 2.2688702264e+02 2.2480821841e+02 -4.6596264115e-01 -1.9853502611e-01
4 0 0 2.2688702264e+02 2.2480821841e+02 2.2691898149e+02 2.2521538384e+02 -1.9853502611e-01 1.0102464724e+00
0 1 2 2.2691898149e+02 2.2521538384e+02 2.2691190982e+02 2.2464353085e+02 1.0102464724e+00 2.7261356013e-01
2 1 0 2.2691190982e+02 2.2464353085e+02 2.2691786822e+02 2.2521458814e+02 2.7261356013e-01 1.0102464724e+00
0 1 2 2.2691786822e+02 2.2521458814e+02 2.2691079655e+02 2.2464273515e+02 1.0102464724e+00 2.7261356013e-01
2 2 3 2.2691079655e+02 2.2464273515e+02 2.2694055069e+02 2.2430073734e+02 2.7261356013e-01 5.2122406950e-03
3 1 1 2.2694055069e+02 2.2430073734e+02 2.2670123094e+02 2.2487705588e+02 5.2122406950e-03 7.4588871625e-01
1 1 3 2.2670123094e+02 2.2487705588e+02 2.2694027021e+02 2.2430056144e+02 7.4588871625e-01 5.2122406950e-03
3 1 1 2.2694027021e+02 2.2430056144e+02 2.2670095047e+02 2.2487687997e+02 5.2122406950e-03 7.4588871625e-01
1 2 0 2.2670095047e+02 2.2487687997e+02 2.2669178425e+02 2.2522839145e+02 7.4588871625e-01 1.0258193269e+00
0 0 4 2.2669178425e+02 2.2522839145e+02 2.2666629315e+02 2.2482004281e+02 1.0258193269e+00 -1.8296217165e-01
4 1 6 2.2666629315e+02 2.2482004281e+02 2.2632868293e+02 2.2429503452e+02 -1.8296217165e-01 -9.2377668968e-01
6 0 2 2.2632868293e+02 2.2429503452e+02 2.2645073376e+02 2.2470342629e+02 -9.2377668968e-01 3.0601304612e-01
2 1 0 2.2645073376e+02 2.2470342629e+02 2.2643761937e+02 2.2527436406e+02 3.0601304612e-01 1.0436459584e+00
0 1 2 2.2643761937e+02 2.2527436406e+02 2.2644964769e+02 2.2470259386e+02 1.0436459584e+00 3.0601304612e-01
2 2 3 2.2644964769e+02 2.2470259386e+02 2.2649080566e+02 2.2436178037e+02 3.0601304612e-01 3.8611726690e-02
3 0 7 2.2649080566e+02 2.2436178037e+02 2.2645725706e+02 2.2395466802e+02 3.8611726690e-02 -1.1701726047e+00
7 2 6 2.2645725706e+02 2.2395466802e+02 2.2651668077e+02 2.2430047235e+02 -1.1701726047e+00 -8.9031607867e-01
6 0 2 2.2651668077e+02 2.2430047235e+02 2.2662500080e+02 2.2471271865e+02 -8.9031607867e-01 3.3947365713e-01
2 2 3 2.2662500080e+02 2.2471271865e+02 2.2667753744e+02 2.2437347285e+02 3.3947365713e-01 7.2072337695e-02
3 0 7 2.2667753744e+02 2.2437347285e+02 2.2665762731e+02 2.2396546603e+02 7.2072337695e-02 -1.1367119937e+00
7 2 6 2.2665762731e+02 2.2396546603e+02 2.2670544908e+02 2.2431306478e+02 -1.1367119937e+00 -8.5685546767e-01
6 0 2 2.2670544908e+02 2.2431306478e+02 2.2679991704e+02 2.2472870410e+02 -8.5685546767e-01 3.7293426813e-01
2 0 6 2.2679991704e+02 2.2472870410e+02 2.2670595493e+02 2.2431327508e+02 3.7293426813e-01 -8.5685546767e-01
6 0 2 2.2670595493e+02 2.2431327508e+02 2.2680042289e+02 2.2472891441e+02 -8.5685546767e-01 3.7293426813e-01
2 0 6 2.2680042289e+02 2.2472891441e+02 2.2670646078e+02 2.2431348538e+02 3.7293426813e-01 -8.5685546767e-01
6 1 4 2.2670646078e+02 2.2431348538e+02 2.2700797208e+02 2.2486046272e+02 -8.5685546767e-01 -1.1604094964e-01
4 2 5 2.2700797208e+02 2.2486046272e+02 2.2694007203e+02 2.2452382693e+02 -1.1604094964e-01 -3.8346856468e-01
5 0 1 2.2694007203e+02 2.2452382693e+02 2.2685036522e+02 2.2493979659e+02 -3.8346856468e-01 8.4636638387e-01
1 0 5 2.2685036522e+02 2.2493979659e+02 2.2694041570e+02 2.2452312220e+02 8.4636638387e-01 -3.8346856468e-01
5 1 7 2.2694041570e+02 2.2452312220e+02 2.2688336582e+02 2.2395502009e+02 -3.8346856468e-01 -1.1211247198e+00
7 2 6 2.2688336582e+02 2.2395502009e+02 2.2692576390e+02 2.2430332200e+02 -1.1211247198e+00 -8.4126819374e-01
6 1 4 2.2692576390e+02 2.2430332200e+02 2.2721871302e+02 2.2485493243e+02 -8.4126819374e-01 -1.0045367572e-01
4 0 0 2.2721871302e+02 2.2485493243e+02 2.2721064694e+02 2.2526327052e+02 -1.0045367572e-01 1.1083278228e+00
0 0 4 2.2721064694e+02 2.2526327052e+02 2.2721889657e+02 2.2485421019e+02 1.1083278228e+00 -1.0045367572e-01
4 0 0 2.2721889657e+02 2.2485421019e+02 2.2721083048e+02 2.2526254827e+02 -1.0045367572e-01 1.1083278228e+00
0 0 4 2.2721083048e+02 2.2526254827e+02 2.2721908012e+02 2.2485348795e+02 1.1083278228e+00 -1.0045367572e-01
4 0 0 2.2721908012e+02 2.2485348795e+02 2.2721101403e+02 2.2526182603e+02 -1.0045367572e-01 1.1083278228e+00
0 1 2 2.2721101403e+02 2.2526182603e+02 2.2725997458e+02 2.2469202895e+02 1.1083278228e+00 3.7069491052e-01
2 0 6 2.2725997458e+02 2.2469202895e+02 2.2716508241e+02 2.2427681138e+02 3.7069491052e-01 -8.5909482528e-01
6 2 7 2.2716508241e+02 2.2427681138e+02 2.2711597693e+02 2.2392890188e+02 -8.5909482528e-01 -1.1389513513e+00
7 2 6 2.2711597693e+02 2.2392890188e+02 2.2716457699e+02 2.2427639267e+02 -1.1389513513e+00 -8.5909482528e-01
6 2 7 2.2716457699e+02 2.2427639267e+02 2.2711547150e+02 2.2392848317e+02 -8.5909482528e-01 -1.1389513513e+00
7 0 3 2.2711547150e+02 2.2392848317e+02 2.2713639180e+02 2.2433672681e+02 -1.1389513513e+00 6.9832980085e-02
3 0 7 2.2713639180e+02 2.2433672681e+02 2.2711556805e+02 2.2392876560e+02 6.9832980085e-02 -1.1389513513e+00
7 2 6 2.2711556805e+02 2.2392876560e+02 2.2716416810e+02 2.2427625638e+02 -1.1389513513e+00 -8.5909482528e-01
6 0 2 2.2716416810e+02 2.2427625638e+02 2.2725956659e+02 2.2469168312e+02 -8.5909482528e-01 3.7069491052e-01
2 2 3 2.2725956659e+02 2.2469168312e+02 2.2732266758e+02 2.2435424264e+02 3.7069491052e-01 1.0329359109e-01
3 2 2 2.2732266758e+02 2.2435424264e+02 2.2725911509e+02 2.2469178262e+02 1.0329359109e-01 3.7069491052e-01
2 0 6 2.2725911509e+02 2.2469178262e+02 2.2716422293e+02 2.2427656505e+02 3.7069491052e-01 -8.5909482528e-01
6 1 4 2.2716422293e+02 2.2427656505e+02 2.2746695834e+02 2.2482286582e+02 -8.5909482528e-01 -1.1828030725e-01
4 1 6 2.2746695834e+02 2.2482286582e+02 2.2716398895e+02 2.2427713338e+02 -1.1828030725e-01 -8.5909482528e-01
6 1 4 2.2716398895e+02 2.2427713338e+02 2.2746672436e+02 2.2482343415e+02 -8.5909482528e-01 -1.1828030725e-01
4 0 0 2.2746672436e+02 2.2482343415e+02 2.2746593846e+02 2.2523185114e+02 -1.1828030725e-01 1.0905011913e+00
0 0 4 2.2746593846e+02 2.2523185114e+02 2.2746689501e+02 2.2482270875e+02 1.0905011913e+00 -1.1828030725e-01
4 1 6 2.2746689501e+02 2.2482270875e+02 2.2716392561e+02 2.2427697630e+02 -1.1828030725e-01 -8.5909482528e-01
6 0 2 2.2716392561e+02 2.2427697630e+02 2.2725932410e+02 2.2469240303e+02 -8.5909482528e-01 3.7069491052e-01
2 0 6 2.2725932410e+02 2.2469240303e+02 2.2716443193e+02 2.2427718547e+02 3.7069491052e-01 -8.5909482528e-01
6 1 4 2.2716443193e+02 2.2427718547e+02 2.2746716734e+02 2.2482348624e+02 -8.5909482528e-01 -1.1828030725e-01
4 2 5 2.2746716734e+02 2.2482348624e+02 2.2739851362e+02 2.2448700334e+02 -1.1828030725e-01 -3.8570792229e-01
5 2 4 2.2739851362e+02 2.2448700334e+02 2.2746667676e+02 2.2482345028e+02 -3.8570792229e-01 -1.1828030725e-01
4 0 0 2.2746667676e+02 2.2482345028e+02 2.2746589086e+02 2.2523186727e+02 -1.1828030725e-01 1.0905011913e+00
0 2 1 2.2746589086e+02 2.2523186727e+02 2.2749730456e+02 2.2488229677e+02 1.0905011913e+00 8.1057058065e-01
1 1 3 2.2749730456e+02 2.2488229677e+02 2.2777310671e+02 2.2432245859e+02 8.1057058065e-01 6.9894105095e-02
3 1 1 2.2777310671e+02 2.2432245859e+02 2.2749703604e+02 2.2488210310e+02 6.9894105095e-02 8.1057058065e-01
1 2 0 2.2749703604e+02 2.2488210310e+02 2.2746516843e+02 2.2523228704e+02 8.1057058065e-01 1.0905011913e+00
0 1 2 2.2746516843e+02 2.2523228704e+02 2.2750396417e+02 2.2466170774e+02 1.0905011913e+00 3.5286827899e-01
2 2 3 2.2750396417e+02 2.2466170774e+02 2.2756104002e+02 2.2432319606e+02 3.5286827899e-01 8.5466959555e-02
3 2 2 2.2756104002e+02 2.2432319606e+02 2.2750351452e+02 2.2466181528e+02 8.5466959555e-02 3.5286827899e-01
2 1 0 2.2750351452e+02 2.2466181528e+02 2.2746367289e+02 2.2523151219e+02 3.5286827899e-01 1.0905011913e+00
0 2 1 2.2746367289e+02 2.2523151219e+02 2.2749508658e+02 2.2488194169e+02 1.0905011913e+00 8.1057058065e-01
1 0 5 2.2749508658e+02 2.2488194169e+02 2.2757016737e+02 2.2446231147e+02 8.1057058065e-01 -4.1926436790e-01
5 0 1 2.2757016737e+02 2.2446231147e+02 2.2749540482e+02 2.2488122511e+02 -4.1926436790e-01 8.1057058065e-01
1 2 0 2.2749540482e+02 2.2488122511e+02 2.2746353720e+02 2.2523140905e+02 8.1057058065e-01 1.0905011913e+00
0 1 2 2.2746353720e+02 2.2523140905e+02 2.2750233294e+02 2.2466082975e+02 1.0905011913e+00 3.5286827899e-01
2 1 0 2.2750233294e+02 2.2466082975e+02 2.2746249131e+02 2.2523052666e+02 3.5286827899e-01 1.0905011913e+00
0 2 1 2.2746249131e+02 2.2523052666e+02 2.2749390500e+02 2.2488095616e+02 1.0905011913e+00 8.1057058065e-01
1 2 0 2.2749390500e+02 2.2488095616e+02 2.2746203739e+02 2.2523114009e+02 8.1057058065e-01 1.0905011913e+00
0 1 2 2.2746203739e+02 2.2523114009e+02 2.2750083313e+02 2.2466056080e+02 1.0905011913e+00 3.5286827899e-01
2 0 6 2.2750083313e+02 2.2466056080e+02 2.2739855450e+02 2.2424710072e+02 3.5286827899e-01 -8.7692145681e-01
6 2 7 2.2739855450e+02 2.2424710072e+02 2.2734325510e+02 2.2390012184e+02 -8.7692145681e-01 -1.1567779828e+00
7 0 3 2.2734325510e+02 2.2390012184e+02 2.2737144929e+02 2.2430792769e+02 -1.1567779828e+00 5.2006348550e-02
3 2 2 2.2737144929e+02 2.2430792769e+02 2.2732528428e+02 2.2464828184e+02 5.2006348550e-02 3.1940766798e-01
2 0 6 2.2732528428e+02 2.2464828184e+02 2.2720923086e+02 2.2423847487e+02 3.1940766798e-01 -9.1038206782e-01
6 2 7 2.2720923086e+02 2.2423847487e+02 2.2714235445e+02 2.2389354022e+02 -9.1038206782e-01 -1.1902385939e+00
7 1 5 2.2714235445e+02 2.2389354022e+02 2.2723813289e+02 2.2445705917e+02 -1.1902385939e+00 -4.5258243875e-01
5 2 4 2.2723813289e+02 2.2445705917e+02 2.2732862663e+02 2.2478819908e+02 -4.5258243875e-01 -1.8515482372e-01
4 1 6 2.2732862663e+02 2.2478819908e+02 2.2698986605e+02 2.2426393232e+02 -1.8515482372e-01 -9.2596934174e-01
6 0 2 2.2698986605e+02 2.2426393232e+02 2.2711281205e+02 2.2467205549e+02 -9.2596934174e-01 3.0382039406e-01
2 1 0 2.2711281205e+02 2.2467205549e+02 2.2710094956e+02 2.2524302065e+02 3.0382039406e-01 1.0414533064e+00
0 1 2 2.2710094956e+02 2.2524302065e+02 2.2711172415e+02 2.2467122544e+02 1.0414533064e+00 3.0382039406e-01
2 2 3 2.2711172415e+02 2.2467122544e+02 2.2715213475e+02 2.2433032253e+02 3.0382039406e-01 3.6419074625e-02
3 2 2 2.2715213475e+02 2.2433032253e+02 2.2711128032e+02 2.2467135489e+02 3.6419074625e-02 3.0382039406e-01
2 0 6 2.2711128032e+02 2.2467135489e+02 2.2698885348e+02 2.2426340659e+02 3.0382039406e-01 -9.2596934174e-01
6 1 4 2.2698885348e+02 2.2426340659e+02 2.2732741857e+02 2.2478825603e+02 -9.2596934174e-01 -1.8515482372e-01
4 0 0 2.2732741857e+02 2.2478825603e+02 2.2735392677e+02 2.2519581262e+02 -1.8515482372e-01 1.0236266748e+00
0 0 4 2.2735392677e+02 2.2519581262e+02 2.2732754036e+02 2.2478752085e+02 1.0236266748e+00 -1.8515482372e-01
4 0 0 2.2732754036e+02 2.2478752085e+02 2.2735404856e+02 2.2519507743e+02 -1.8515482372e-01 1.0236266748e+00
0 2 1 2.2735404856e+02 2.2519507743e+02 2.2736203210e+02 2.2484418911e+02 1.0236266748e+00 7.4369606419e-01
1 0 5 2.2736203210e+02 2.2484418911e+02 2.2740890341e+02 2.2442047963e+02 7.4369606419e-01 -4.8613888436e-01
5 1 7 2.2740890341e+02 2.2442047963e+02 2.2729392915e+02 2.2386121618e+02 -4.8613888436e-01 -1.2237950395e+00
7 0 3 2.2729392915e+02 2.2386121618e+02 2.2734936955e+02 2.2426621851e+02 -1.2237950395e+00 -1.5010708065e-02
3 2 2 2.2734936955e+02 2.2426621851e+02 2.2732610063e+02 2.2460890016e+02 -1.5010708065e-02 2.5239061137e-01
2 1 0 2.2732610063e+02 2.2460890016e+02 2.2734360549e+02 2.2517972019e+02 2.5239061137e-01 9.9002352368e-01
0 0 4 2.2734360549e+02 2.2517972019e+02 2.2730351668e+02 2.2477254542e+02 9.9002352368e-01 -2.1875797487e-01
4 1 6 2.2730351668e+02 2.2477254542e+02 2.2694733364e+02 2.2425995591e+02 -2.1875797487e-01 -9.5957249290e-01
6 2 7 2.2694733364e+02 2.2425995591e+02 2.2686357749e+02 2.2391872684e+02 -9.5957249290e-01 -1.2394290189e+00
7 0 3 2.2686357749e+02 2.2391872684e+02 2.2692534265e+02 2.2432281296e+02 -1.2394290189e+00 -3.0644687535e-02
3 0 7 2.2692534265e+02 2.2432281296e+02 2.2686370187e+02 2.2391899816e+02 -3.0644687535e-02 -1.2394290189e+00
7 0 3 2.2686370187e+02 2.2391899816e+02 2.2692546704e+02 2.2432308428e+02 -1.2394290189e+00 -3.0644687535e-02
3 2 2 2.2692546704e+02 2.2432308428e+02 2.2690755822e+02 2.2466608782e+02 -3.0644687535e-02 2.3675663190e-01
2 1 0 2.2690755822e+02 2.2466608782e+02 2.2693398477e+02 2.2523656443e+02 2.3675663190e-01 9.7438954421e-01
0 0 4 2.2693398477e+02 2.2523656443e+02 2.2688753535e+02 2.2483006614e+02 9.7438954421e-01 -2.3439195434e-01
4 0 0 2.2688753535e+02 2.2483006614e+02 2.2693407023e+02 2.2523582415e+02 -2.3439195434e-01 9.7438954421e-01
0 0 4 2.2693407023e+02 2.2523582415e+02 2.2688762081e+02 2.2482932586e+02 9.7438954421e-01 -2.3439195434e-01
4 0 0 2.2688762081e+02 2.2482932586e+02 2.2693415569e+02 2.2523508386e+02 -2.3439195434e-01 9.7438954421e-01
0 1 2 2.2693415569e+02 2.2523508386e+02 2.2690658806e+02 2.2466385197e+02 9.7438954421e-01 2.3675663190e-01
2 2 3 2.2690658806e+02 2.2466385197e+02 2.2692406271e+02 2.2432100733e+02 2.3675663190e-01 -3.0644687535e-02
3 2 2 2.2692406271e+02 2.2432100733e+02 2.2690615390e+02 2.2466401087e+02 -3.0644687535e-02 2.3675663190e-01
2 1 0 2.2690615390e+02 2.2466401087e+02 2.2693258045e+02 2.2523448748e+02 2.3675663190e-01 9.7438954421e-01
0 0 4 2.2693258045e+02 2.2523448748e+02 2.2688613103e+02 2.2482798919e+02 9.7438954421e-01 -2.3439195434e-01
4 1 6 2.2688613103e+02 2.2482798919e+02 2.2652197803e+02 2.2432103065e+02 -2.3439195434e-01 -9.7520647237e-01
6 1 4 2.2652197803e+02 2.2432103065e+02 2.2688596446e+02 2.2482858080e+02 -9.7520647237e-01 -2.3439195434e-01
4 1 6 2.2688596446e+02 2.2482858080e+02 2.2652181147e+02 2.2432162226e+02 -2.3439195434e-01 -9.7520647237e-01
6 1 4 2.2652181147e+02 2.2432162226e+02 2.2688579790e+02 2.2482917240e+02 -9.7520647237e-01 -2.3439195434e-01
4 1 6 2.2688579790e+02 2.2482917240e+02 2.2652164490e+02 2.2432221386e+02 -2.3439195434e-01 -9.7520647237e-01
6 1 4 2.2652164490e+02 2.2432221386e+02 2.2688563133e+02 2.2482976400e+02 -9.7520647237e-01 -2.3439195434e-01
4 2 5 2.2688563133e+02 2.2482976400e+02 2.2677845802e+02 2.2450350037e+02 -2.3439195434e-01 -5.0181956938e-01
5 2 4 2.2677845802e+02 2.2450350037e+02 2.2688513988e+02 2.2482978512e+02 -5.0181956938e-01 -2.3439195434e-01
4 1 6 2.2688513988e+02 2.2482978512e+02 2.2652098689e+02 2.2432282658e+02 -2.3439195434e-01 -9.7520647237e-01
6 1 4 2.2652098689e+02 2.2432282658e+02 2.2688497332e+02 2.2483037672e+02 -9.7520647237e-01 -2.3439195434e-01
4 1 6 2.2688497332e+02 2.2483037672e+02 2.2652082033e+02 2.2432341818e+02 -2.3439195434e-01 -9.7520647237e-01
6 2 7 2.2652082033e+02 2.2432341818e+02 2.2643173986e+02 2.2398354021e+02 -9.7520647237e-01 -1.2550629984e+00
7 0 3 2.2643173986e+02 2.2398354021e+02 2.2649981469e+02 2.2438661135e+02 -1.2550629984e+00 -4.6278667005e-02
3 0 7 2.2649981469e+02 2.2438661135e+02 2.2643186847e+02 2.2398380955e+02 -4.6278667005e-02 -1.2550629984e+00
7 0 3 2.2643186847e+02 2.2398380955e+02 2.2649994330e+02 2.2438688069e+02 -1.2550629984e+00 -4.6278667005e-02
3 1 1 2.2649994330e+02 2.2438688069e+02 2.2629060279e+02 2.2497475274e+02 -4.6278667005e-02 6.9439780855e-01
1 0 5 2.2629060279e+02 2.2497475274e+02 2.2631653747e+02 2.2454924830e+02 6.9439780855e-01 -5.3543714000e-01
5 1 7 2.2631653747e+02 2.2454924830e+02 2.2617414335e+02 2.2399633004e+02 -5.3543714000e-01 -1.2730932951e+00
7 0 3 2.2617414335e+02 2.2399633004e+02 2.2624947422e+02 2.2439810832e+02 -1.2730932951e+00 -6.4308963700e-02
3 2 2 2.2624947422e+02 2.2439810832e+02 2.2624312034e+02 2.2474152030e+02 -6.4308963700e-02 2.0309235573e-01
2 2 3 2.2624312034e+02 2.2474152030e+02 2.2624904565e+02 2.2439828175e+02 2.0309235573e-01 -6.4308963700e-02
3 1 1 2.2624904565e+02 2.2439828175e+02 2.2605033810e+02 2.2498983251e+02 -6.4308963700e-02 6.7636751186e-01
1 0 5 2.2605033810e+02 2.2498983251e+02 2.2606859701e+02 2.2456392964e+02 6.7636751186e-01 -5.5346743669e-01
5 0 1 2.2606859701e+02 2.2456392964e+02 2.2605055759e+02 2.2498907979e+02 -5.5346743669e-01 6.7636751186e-01
1 0 5 2.2605055759e+02 2.2498907979e+02 2.2606881651e+02 2.2456317693e+02 6.7636751186e-01 -5.5346743669e-01
5 0 1 2.2606881651e+02 2.2456317693e+02 2.2605077709e+02 2.2498832708e+02 -5.5346743669e-01 6.7636751186e-01
1 0 5 2.2605077709e+02 2.2498832708e+02 2.2606903600e+02 2.2456242421e+02 6.7636751186e-01 -5.5346743669e-01
5 2 4 2.2606903600e+02 2.2456242421e+02 2.2619242002e+02 2.2488276643e+02 -5.5346743669e-01 -2.8603982166e-01
4 1 6 2.2619242002e+02 2.2488276643e+02 2.2580258092e+02 2.2439528326e+02 -2.8603982166e-01 -1.0268543397e+00
6 0 2 2.2580258092e+02 2.2439528326e+02 2.2596600550e+02 2.2478894892e+02 -1.0268543397e+00 2.0293539612e-01
2 2 3 2.2596600550e+02 2.2478894892e+02 2.2597187694e+02 2.2444570945e+02 2.0293539612e-01 -6.4465923315e-02
3 0 7 2.2597187694e+02 2.2444570945e+02 2.2589661650e+02 2.2404420995e+02 -6.4465923315e-02 -1.2732502547e+00
7 2 6 2.2589661650e+02 2.2404420995e+02 2.2599130641e+02 2.2438206441e+02 -1.2732502547e+00 -9.9339372868e-01
6 1 4 2.2599130641e+02 2.2438206441e+02 2.2636446307e+02 2.2488291106e+02 -9.9339372868e-01 -2.5257921065e-01
4 0 0 2.2636446307e+02 2.2488291106e+02 2.2641836947e+02 2.2528775566e+02 -2.5257921065e-01 9.5620228790e-01
0 0 4 2.2641836947e+02 2.2528775566e+02 2.2636453505e+02 2.2488216934e+02 9.5620228790e-01 -2.5257921065e-01
4 2 5 2.2636453505e+02 2.2488216934e+02 2.2625144596e+02 2.2455790875e+02 -2.5257921065e-01 -5.2000682569e-01
5 1 7 2.2625144596e+02 2.2455790875e+02 2.2611760015e+02 2.2400285922e+02 -5.2000682569e-01 -1.2576629808e+00
7 2 6 2.2611760015e+02 2.2400285922e+02 2.2620701254e+02 2.2434214853e+02 -1.2576629808e+00 -9.7780645475e-01
6 2 7 2.2620701254e+02 2.2434214853e+02 2.2611704869e+02 2.2400250331e+02 -9.7780645475e-01 -1.2576629808e+00
7 1 5 2.2611704869e+02 2.2400250331e+02 2.2625057565e+02 2.2455828895e+02 -1.2576629808e+00 -5.2000682569e-01
5 0 1 2.2625057565e+02 2.2455828895e+02 2.2621832320e+02 2.2498259762e+02 -5.2000682569e-01 7.0982812286e-01
1 0 5 2.2621832320e+02 2.2498259762e+02 2.2625082020e+02 2.2455754399e+02 7.0982812286e-01 -5.2000682569e-01
5 2 4 2.2625082020e+02 2.2455754399e+02 2.2636341832e+02 2.2488183463e+02 -5.2000682569e-01 -2.5257921065e-01
4 1 6 2.2636341832e+02 2.2488183463e+02 2.2599010587e+02 2.2438158252e+02 -2.5257921065e-01 -9.9339372868e-01
6 1 4 2.2599010587e+02 2.2438158252e+02 2.2636326254e+02 2.2488242917e+02 -9.9339372868e-01 -2.5257921065e-01
4 0 0 2.2636326254e+02 2.2488242917e+02 2.2641716894e+02 2.2528727377e+02 -2.5257921065e-01 9.5620228790e-01
0 0 4 2.2641716894e+02 2.2528727377e+02 2.2636333452e+02 2.2488168745e+02 9.5620228790e-01 -2.5257921065e-01
4 2 5 2.2636333452e+02 2.2488168745e+02 2.2625024542e+02 2.2455742686e+02 -2.5257921065e-01 -5.2000682569e-01
5 0 1 2.2625024542e+02 2.2455742686e+02 2.2621799297e+02 2.2498173554e+02 -5.2000682569e-01 7.0982812286e-01
1 1 3 2.2621799297e+02 2.2498173554e+02 2.2643609262e+02 2.2439699786e+02 7.0982812286e-01 -3.0848352695e-02
3 2 2 2.2643609262e+02 2.2439699786e+02 2.2641825366e+02 2.2474000504e+02 -3.0848352695e-02 2.3655296674e-01
2 2 3 2.2641825366e+02 2.2474000504e+02 2.2643565849e+02 2.2439715685e+02 2.3655296674e-01 -3.0848352695e-02
3 1 1 2.2643565849e+02 2.2439715685e+02 2.2621727221e+02 2.2498172885e+02 -3.0848352695e-02 7.0982812286e-01
1 0 5 2.2621727221e+02 2.2498172885e+02 2.2624976921e+02 2.2455667523e+02 7.0982812286e-01 -5.2000682569e-01
5 0 1 2.2624976921e+02 2.2455667523e+02 2.2621751676e+02 2.2498098390e+02 -5.2000682569e-01 7.0982812286e-01
1 1 3 2.2621751676e+02 2.2498098390e+02 2.2643561641e+02 2.2439624622e+02 7.0982812286e-01 -3.0848352695e-02
3 0 7 2.2643561641e+02 2.2439624622e+02 2.2637389339e+02 2.2399244398e+02 -3.0848352695e-02 -1.2396326841e+00
7 0 3 2.2637389339e+02 2.2399244398e+02 2.2643574085e+02 2.2439651752e+02 -1.2396326841e+00 -3.0848352695e-02
3 2 2 2.2643574085e+02 2.2439651752e+02 2.2641790189e+02 2.2473952470e+02 -3.0848352695e-02 2.3655296674e-01
2 0 6 2.2641790189e+02 2.2473952470e+02 2.2626833099e+02 2.2434072814e+02 2.3655296674e-01 -9.9323676906e-01
6 0 2 2.2626833099e+02 2.2434072814e+02 2.2641843164e+02 2.2473966427e+02 -9.9323676906e-01 2.3655296674e-01
2 1 0 2.2641843164e+02 2.2473966427e+02 2.2644497437e+02 2.2531013549e+02 2.3655296674e-01 9.7418587905e-01
0 1 2 2.2644497437e+02 2.2531013549e+02 2.2641729040e+02 2.2473890923e+02 9.7418587905e-01 2.3655296674e-01
2 1 0 2.2641729040e+02 2.2473890923e+02 2.2644383314e+02 2.2530938044e+02 2.3655296674e-01 9.7418587905e-01
0 1 2 2.2644383314e+02 2.2530938044e+02 2.2641614917e+02 2.2473815418e+02 9.7418587905e-01 2.3655296674e-01
2 1 0 2.2641614917e+02 2.2473815418e+02 2.2644269190e+02 2.2530862540e+02 2.3655296674e-01 9.7418587905e-01
0 1 2 2.2644269190e+02 2.2530862540e+02 2.2641500794e+02 2.2473739913e+02 9.7418587905e-01 2.3655296674e-01
2 2 3 2.2641500794e+02 2.2473739913e+02 2.2643241276e+02 2.2439455094e+02 2.3655296674e-01 -3.0848352695e-02
3 0 7 2.2643241276e+02 2.2439455094e+02 2.2637068974e+02 2.2399074870e+02 -3.0848352695e-02 -1.2396326841e+00
7 2 6 2.2637068974e+02 2.2399074870e+02 2.2645397044e+02 2.2433159491e+02 -1.2396326841e+00 -9.5977615806e-01
6 0 2 2.2645397044e+02 2.2433159491e+02 2.2659064091e+02 2.2473532926e+02 -9.5977615806e-01 2.7001357774e-01
2 1 0 2.2659064091e+02 2.2473532926e+02 2.2659808403e+02 2.2530636912e+02 2.7001357774e-01 1.0076464901e+00
0 0 4 2.2659808403e+02 2.2530636912e+02 2.2656517670e+02 2.2489855113e+02 1.0076464901e+00 -2.0113500850e-01
4 2 5 2.2656517670e+02 2.2489855113e+02 2.2646891119e+02 2.2456890431e+02 -2.0113500850e-01 -4.6856262353e-01
5 0 1 2.2646891119e+02 2.2456890431e+02 2.2641488281e+02 2.2499099317e+02 -4.6856262353e-01 7.6127232502e-01
1 0 5 2.2641488281e+02 2.2499099317e+02 2.2646919372e+02 2.2456817292e+02 7.6127232502e-01 -4.6856262353e-01
5 1 7 2.2646919372e+02 2.2456817292e+02 2.2636406648e+02 2.2400697514e+02 -4.6856262353e-01 -1.2062187786e+00
7 2 6 2.2636406648e+02 2.2400697514e+02 2.2643591381e+02 2.2435041331e+02 -1.2062187786e+00 -9.2636225260e-01
6 1 4 2.2643591381e+02 2.2435041331e+02 2.2677468509e+02 2.2487512969e+02 -9.2636225260e-01 -1.8554773457e-01
4 1 6 2.2677468509e+02 2.2487512969e+02 2.2643571855e+02 2.2435099607e+02 -1.8554773457e-01 -9.2636225260e-01
6 1 4 2.2643571855e+02 2.2435099607e+02 2.2677448984e+02 2.2487571245e+02 -9.2636225260e-01 -1.8554773457e-01
4 0 0 2.2677448984e+02 2.2487571245e+02 2.2680115817e+02 2.2528325859e+02 -1.8554773457e-01 1.0232337640e+00
0 0 4 2.2680115817e+02 2.2528325859e+02 2.2677461134e+02 2.2487497722e+02 1.0232337640e+00 -1.8554773457e-01
4 2 5 2.2677461134e+02 2.2487497722e+02 2.2668349561e+02 2.2454386999e+02 -1.8554773457e-01 -4.5297534961e-01
5 0 1 2.2668349561e+02 2.2454386999e+02 2.2662289485e+02 2.2496506546e+02 -4.5297534961e-01 7.7685959894e-01
1 0 5 2.2662289485e+02 2.2496506546e+02 2.2668378951e+02 2.2454314310e+02 7.7685959894e-01 -4.5297534961e-01
5 2 4 2.2668378951e+02 2.2454314310e+02 2.2677441335e+02 2.2487424742e+02 -4.5297534961e-01 -1.8554773457e-01
4 1 6 2.2677441335e+02 2.2487424742e+02 2.2643544681e+02 2.2435011381e+02 -1.8554773457e-01 -9.2636225260e-01
6 2 7 2.2643544681e+02 2.2435011381e+02 2.2636306706e+02 2.2400629185e+02 -9.2636225260e-01 -1.2062187786e+00
