# state 0, action 0
-2.7933134274e-01
-1.9346180322e-01
-1.0822482175e+00
9.4163788026e+01
-4.2651735611e-01
2.2485938730e-01

# state 0, action 1
-3.8052812738e-01
-2.9523333482e-01
-6.5670934953e-01
1.4680348644e+02
-7.5484360617e-02
6.3826535439e-01

# state 0, action 2
-2.2734281480e-01
-1.8294838782e-01
-2.4394344216e-01
6.7987424217e+01
4.9270155529e-03
3.9292581524e-01

# state 1, action 0
-1.8807758727e-01
-3.0291552227e-01
-1.0955802720e+00
9.1549634287e+01
-2.4818320662e-01
1.4490763554e-02

# state 1, action 1
-1.5623352922e-01
-4.9738487401e-01
-6.5819638411e-01
1.3348665310e+02
3.3399963794e-01
1.4181049521e-01

# state 1, action 2
1.7635541316e-01
2.3463682642e-01
2.4375597224e-01
6.7726086232e+01
9.0417567083e-02
-3.7970111494e-01

# state 2, action 0
-1.8044861393e-01
-3.0518235147e-01
-1.0958514958e+00
9.1521371940e+01
1.2970456502e-01
-2.1241115109e-01

# state 2, action 1
1.2069938452e-01
4.7697204770e-01
6.5626391077e-01
1.4666944872e+02
4.4924931600e-01
-4.4697382833e-01

# state 2, action 2
-4.7927687526e-02
-2.9051335394e-01
-2.3687260776e-01
6.5196207146e+01
2.8928707529e-01
1.3293246153e-01

# state 3, action 0
-3.9476197376e-02
-3.4387742488e-01
-1.0815323070e+00
9.3971555379e+01
3.9825182961e-01
-2.8003933629e-01

# state 3, action 1
-1.8147322792e-01
4.8971550957e-01
6.5742385910e-01
1.3390060107e+02
-1.7818129990e-01
-3.1275389689e-01

# state 3, action 2
-2.5813431291e-02
2.8731082558e-01
2.3532865172e-01
6.5047063244e+01
-2.5350868850e-01
-1.9695583254e-01

# state 4, action 0
-4.1169464289e-02
3.4429355000e-01
1.0811283599e+00
9.4415168739e+01
3.9614358571e-01
2.8188385040e-01

# state 4, action 1
-1.7731048733e-01
-4.9017523617e-01
-6.5768914982e-01
1.3307378775e+02
-1.7406132029e-01
3.1334746182e-01

# state 4, action 2
-2.3919529480e-02
-2.8880432428e-01
-2.3557537574e-01
6.5093718592e+01
-2.5173306531e-01
1.9649890890e-01

# state 5, action 0
-1.8211753213e-01
3.0434198981e-01
1.0951693194e+00
9.1923332922e+01
1.2698660028e-01
2.1407026433e-01

# state 5, action 1
1.2489883559e-01
-4.7380576683e-01
-6.5608197858e-01
1.4627083792e+02
4.5354385535e-01
4.4947696591e-01

# state 5, action 2
-4.7995525786e-02
2.8698997542e-01
2.3582773459e-01
6.5000001932e+01
2.8726760431e-01
-1.3265525873e-01

# state 6, action 0
-1.8810195113e-01
3.0433249360e-01
1.0955691910e+00
9.1541572450e+01
-2.4823939055e-01
-1.3039395741e-02

# state 6, action 1
-1.5714312428e-01
5.0003137063e-01
6.5852159578e-01
1.3332631895e+02
3.3412870111e-01
-1.3999432958e-01

# state 6, action 2
1.7930876186e-01
-2.3634547358e-01
-2.4504125591e-01
6.8090897336e+01
9.0880253280e-02
3.8201686808e-01

# state 7, action 0
-2.8175520811e-01
1.9277074434e-01
1.0821177995e+00
9.3946087672e+01
-4.2933978424e-01
-2.2519615595e-01

# state 7, action 1
-3.7881972341e-01
2.9583025240e-01
6.5702298241e-01
1.4690263609e+02
-7.2655738840e-02
-6.3837837105e-01

# state 7, action 2
-2.2855047086e-01
1.8398056103e-01
2.4361349277e-01
6.8117918877e+01
2.6591055149e-03
-3.9112240253e-01

