# state 0, action 0
-8.1152531141e-02
-1.4910398263e-01
-5.5002847967e-01
2.2497626648e+01
-1.3371062780e-01
5.6236845382e-03

# state 0, action 1
-1.0428936565e-01
-2.1484249398e-01
-3.2970531014e-01
3.5081791538e+01
-4.8151579692e-02
2.3707699108e-01

# state 0, action 2
-5.7731205120e-02
-1.2586616826e-01
-1.1679007378e-01
1.5990829174e+01
-2.0743986885e-02
1.4534404177e-01

# state 1, action 0
-4.5485674795e-02
-1.6618430426e-01
-5.5106240809e-01
2.2414276886e+01
-6.5559863130e-02
-2.9374387273e-02

# state 1, action 1
-2.8381510709e-02
-2.4320159347e-01
-3.2943048465e-01
3.4295906129e+01
1.0906901280e-01
1.6143198361e-01

# state 1, action 2
4.1994304267e-02
1.3255180443e-01
1.1659602082e-01
1.5920270178e+01
3.7098383270e-02
-1.4032398535e-01

# state 2, action 0
-4.6930905321e-02
-1.6349819266e-01
-5.5137875301e-01
2.2389886551e+01
4.2081547359e-02
-5.6098606626e-02

# state 2, action 1
2.7594157987e-02
2.3546924074e-01
3.2940040225e-01
3.4956796266e+01
1.2089436416e-01
-2.0898199177e-01

# state 2, action 2
-9.5727822606e-03
-1.3632933604e-01
-1.1579864115e-01
1.5824590643e+01
7.8931270180e-02
1.0797197318e-01

# state 3, action 0
-8.2032491073e-03
-1.6967292534e-01
-5.4995857544e-01
2.2536353924e+01
1.1743781400e-01
-6.5535119421e-02

# state 3, action 1
-5.2787050043e-02
2.3918087423e-01
3.2990249246e-01
3.4374532007e+01
-5.1985712724e-02
-1.9021965562e-01

# state 3, action 2
-8.5054459617e-03
1.3857698888e-01
1.1630410004e-01
1.6023286634e+01
-6.8321118349e-02
-1.1655013156e-01

# state 4, action 0
-8.5794440889e-03
1.6780777695e-01
5.4987867331e-01
2.2435681715e+01
1.1701231951e-01
6.4008651564e-02

# state 4, action 1
-4.9660233205e-02
-2.3617473061e-01
-3.2954585573e-01
3.4193486355e+01
-4.8828792973e-02
1.9166961770e-01

# state 4, action 2
-6.5271945370e-03
-1.3542953250e-01
-1.1553822906e-01
1.5778542176e+01
-6.6144048944e-02
1.1630935567e-01

# state 5, action 0
-4.8106485518e-02
1.6346975776e-01
5.5094633976e-01
2.2471654681e+01
4.0527164278e-02
5.7918948266e-02

# state 5, action 1
3.0567972528e-02
-2.3763416390e-01
-3.2913836522e-01
3.5048950003e+01
1.2395351202e-01
2.0569791747e-01

# state 5, action 2
-1.0338885678e-02
1.3566507061e-01
1.1537576493e-01
1.5851831542e+01
7.7736817443e-02
-1.0682801200e-01

# state 6, action 0
-4.4830585050e-02
1.6513299604e-01
5.5128331192e-01
2.2377617577e+01
-6.4544711973e-02
2.7412733817e-02

# state 6, action 1
-2.7847079278e-02
2.4135910154e-01
3.2956398198e-01
3.4211289127e+01
1.0985676603e-01
-1.6380359638e-01

# state 6, action 2
4.0986294362e-02
-1.3205738915e-01
-1.1661337079e-01
1.5914945917e+01
3.6069210396e-02
1.4088963985e-01

# state 7, action 0
-8.3288193739e-02
1.5153858666e-01
5.4937199932e-01
2.2611849579e+01
-1.3705592215e-01
-5.7012649904e-04

# state 7, action 1
-1.0760973555e-01
2.1627696188e-01
3.2924917054e-01
3.4962990924e+01
-5.2448187705e-02
-2.3387243967e-01

# state 7, action 2
-5.8046284211e-02
1.2605000774e-01
1.1645631067e-01
1.5942840214e+01
-2.1713155833e-02
-1.4385867185e-01

