# state 0, action 0
-2.9994428795e-01
-2.0193732674e-01
-1.0811725888e+00
1.0116159156e+03
-4.5041608327e-01
2.1346028692e-01

# state 0, action 1
-3.9923803564e-01
-3.1120947935e-01
-6.5672178002e-01
1.5971623770e+03
-9.4149874538e-02
6.2231735399e-01

# state 0, action 2
-2.3572336323e-01
-1.9576679765e-01
-2.4467643152e-01
7.3130358124e+02
-1.0972466671e-03
3.8181947773e-01

# state 1, action 0
-1.9745684125e-01
-3.1716951853e-01
-1.0956362801e+00
9.7867030671e+02
-2.5740162360e-01
4.1061526608e-04

# state 1, action 1
-1.5687587393e-01
-5.2226792380e-01
-6.5875845650e-01
1.4264719999e+03
3.3515260513e-01
1.1836231699e-01

# state 1, action 2
1.8100235370e-01
2.4729210192e-01
2.4472628822e-01
7.3112414074e+02
9.3183720769e-02
-3.7008373643e-01

# state 2, action 0
-1.9109668963e-01
-3.2011984865e-01
-1.0957507873e+00
9.7817565146e+02
1.1890151323e-01
-2.2771759614e-01

# state 2, action 1
1.2545811126e-01
4.8950778534e-01
6.5686599576e-01
1.5966840664e+03
4.5369421865e-01
-4.3663281517e-01

# state 2, action 2
-4.6544690996e-02
-2.9649111664e-01
-2.3617345802e-01
6.9682213505e+02
2.8936374787e-01
1.2441186428e-01

# state 3, action 0
-3.6459225340e-02
-3.5897337344e-01
-1.0812643255e+00
1.0106294511e+03
4.0099343838e-01
-2.9608287011e-01

# state 3, action 1
-1.9592132161e-01
5.0887198719e-01
6.5877088070e-01
1.4265853852e+03
-1.9284362109e-01
-2.9894565508e-01

# state 3, action 2
-2.4479108094e-02
2.9888215402e-01
2.3603956323e-01
6.9576701407e+02
-2.5251448054e-01
-1.8837137430e-01

# state 4, action 0
-3.6668053410e-02
3.5887867354e-01
1.0812477556e+00
1.0104114188e+03
4.0076759234e-01
2.9604676386e-01

# state 4, action 1
-1.9557968875e-01
-5.0912999882e-01
-6.5884088595e-01
1.4265993457e+03
-1.9251292479e-01
2.9896560123e-01

# state 4, action 2
-2.4354175599e-02
-2.9907815645e-01
-2.3608420965e-01
6.9610867364e+02
-2.5241083698e-01
1.8836296029e-01

# state 5, action 0
-1.9105675766e-01
3.2022215953e-01
1.0956530890e+00
9.7860986107e+02
1.1879113687e-01
2.2817784190e-01

# state 5, action 1
1.2545554408e-01
-4.9015335840e-01
-6.5671049937e-01
1.5978352590e+03
4.5377257411e-01
4.3542040746e-01

# state 5, action 2
-4.6453542858e-02
2.9626380633e-01
2.3608695862e-01
6.9608123001e+02
2.8929340010e-01
-1.2432450948e-01

# state 6, action 0
-1.9737990501e-01
3.1711662754e-01
1.0956452262e+00
9.7808247703e+02
-2.5729899641e-01
-4.9127367677e-04

# state 6, action 1
-1.5699009734e-01
5.2268272521e-01
6.5878011538e-01
1.4268056329e+03
3.3510757835e-01
-1.1800278669e-01

# state 6, action 2
1.8094819152e-01
-2.4741505570e-01
-2.4476450968e-01
7.3109892308e+02
9.3055533372e-02
3.7008048499e-01

# state 7, action 0
-3.0009734783e-01
2.0176097817e-01
1.0811767651e+00
1.0116001089e+03
-4.5055639177e-01
-2.1364799347e-01

# state 7, action 1
-3.9918447406e-01
3.1081944097e-01
6.5666543760e-01
1.5965757445e+03
-9.4297531920e-02
-6.2257982186e-01

# state 7, action 2
-2.3541305478e-01
1.9574501787e-01
2.4465015630e-01
7.3061927768e+02
-8.7142488255e-04
-3.8177991528e-01

