-3.6240948225e-01 -4.8809793773e-01 -2.9550518896e-01 
-2.5236077206e-01 -2.1565265369e-01 2.3181196532e-01 
-2.3886475152e-01 1.5949519353e-01 -6.3427368078e-02 
-4.9238997892e-02 -2.3631260035e-01 -2.8409997848e-02 
-4.8975533433e-02 -2.3645356187e-01 -2.8467479562e-02 
-2.3882225286e-01 1.5964287383e-01 -6.3421077846e-02 
-2.5227563202e-01 -2.1596366293e-01 2.3138312770e-01 
-3.6200873821e-01 -4.8762767910e-01 -2.9524801129e-01 


-1.8988885315e-01 -2.9803732827e-01 -1.8937539012e-01 
-3.4357048907e-01 -5.8564455394e-01 2.6440035583e-01 
-3.5263831549e-01 5.4836412065e-01 -3.3737928351e-01 
-4.0551387053e-01 5.7755809319e-01 3.4229377456e-01 
4.0547065295e-01 -5.7767125055e-01 -3.4223336407e-01 
3.5219597409e-01 -5.4818686481e-01 3.3737297012e-01 
3.4356549442e-01 5.8604859944e-01 -2.6441296817e-01 
1.8986890610e-01 2.9823877849e-01 1.8957959758e-01 


-1.2087617384e+00 -7.3766191898e-01 -2.7985504956e-01 
-1.2298863593e+00 -7.4063322284e-01 2.8000617173e-01 
-1.2297378308e+00 7.3760390564e-01 -2.6740420511e-01 
-1.2087403208e+00 7.4071972827e-01 2.6739843375e-01 
1.2088012587e+00 -7.4084240350e-01 -2.6737926888e-01 
1.2297835378e+00 -7.3773268200e-01 2.6747596119e-01 
1.2298416408e+00 7.4078663255e-01 -2.7988202295e-01 
1.2088283420e+00 7.3757962820e-01 2.7983102912e-01 


1.3081384449e+03 2.0747588972e+03 9.5305115055e+02 
1.2490020797e+03 1.7914348768e+03 9.5356417738e+02 
1.2500074362e+03 2.0735619320e+03 8.9178334877e+02 
1.3087175778e+03 1.7928641594e+03 8.9275141182e+02 
1.3076584160e+03 1.7931287336e+03 8.9237825337e+02 
1.2495793422e+03 2.0730625966e+03 8.9246135235e+02 
1.2490603678e+03 1.7926756305e+03 9.5151627788e+02 
1.3077204943e+03 2.0727124039e+03 9.5262863207e+02 


-5.2904850281e-01 -7.4900455274e-02 3.0029895060e-02 
-3.2001581093e-01 3.8121380730e-01 9.6669997791e-02 
1.3411570610e-01 5.5636912927e-01 3.5333826859e-01 
4.7768130843e-01 -2.3247961754e-01 -3.1228374523e-01 
4.7801071191e-01 -2.3264159540e-01 -3.1233126869e-01 
1.3423367495e-01 5.5644727789e-01 3.5349079680e-01 
-3.2006875887e-01 3.8142051023e-01 9.6490246958e-02 
-5.2843353333e-01 -7.4739661245e-02 3.0206351909e-02 


3.1046892216e-01 7.4666811758e-01 4.5516121825e-01 
2.8444276335e-02 7.2905230212e-02 -4.4540982499e-01 
-2.9253372843e-01 -5.0246298828e-01 1.0949500398e-01 
-3.8420647171e-01 -3.1154973224e-01 -1.9879628707e-01 
3.8396130355e-01 3.1190730030e-01 1.9877764518e-01 
2.9193287648e-01 5.0308376933e-01 -1.0974702105e-01 
-2.8324787628e-02 -7.2826239186e-02 4.4504326352e-01 
-3.1064553357e-01 -7.4632079729e-01 -4.5491232879e-01 


