# state 0, action 0
-3.3881313195e-01
-1.8572194482e-01
-1.2097283593e+00
1.2133051893e+02
-5.0234206502e-01
3.1690810894e-01

# state 0, action 1
-4.6337350807e-01
-2.8814379727e-01
-7.3698497903e-01
1.8939752843e+02
-5.2721384467e-02
7.5536093620e-01

# state 0, action 2
-2.8682834564e-01
-1.7933451929e-01
-2.7813252641e-01
8.8154084132e+01
3.2920915493e-02
4.6199299665e-01

# state 1, action 0
-2.3851903981e-01
-3.2793911169e-01
-1.2303993075e+00
1.1659219301e+02
-3.0458972572e-01
4.5503113426e-02

# state 1, action 1
-2.1499003568e-01
-5.6121532569e-01
-7.4067598740e-01
1.6796964095e+02
3.8202073797e-01
9.7425078777e-02

# state 1, action 2
2.2670254623e-01
2.4988103375e-01
2.7932180146e-01
8.8203764851e+01
9.2934216287e-02
-4.5797838690e-01

# state 2, action 0
-2.2448379321e-01
-3.3577180743e-01
-1.2293123271e+00
1.1649074924e+02
1.4779443142e-01
-2.7714302079e-01

# state 2, action 1
1.5498051443e-01
5.3213120490e-01
7.3715727661e-01
1.8893759321e+02
5.5209604621e-01
-5.1715771562e-01

# state 2, action 2
-6.3304631509e-02
-3.3303533584e-01
-2.6862442074e-01
8.3497623360e+01
3.5595018791e-01
1.1801572589e-01

# state 3, action 0
-5.0543805502e-02
-3.9064142092e-01
-1.2078986620e+00
1.2173939352e+02
4.7546702724e-01
-3.7212372109e-01

# state 3, action 1
-2.1619041873e-01
5.5809202916e-01
7.4019752216e-01
1.6749984648e+02
-2.1226732704e-01
-3.2901203277e-01

# state 3, action 2
-2.7624275305e-02
3.3274483182e-01
2.6658942525e-01
8.3245271690e+01
-3.1107633624e-01
-2.0500835014e-01

# state 4, action 0
-5.3155706294e-02
3.8770235189e-01
1.2093795015e+00
1.2121631479e+02
4.7445684975e-01
3.6427688470e-01

# state 4, action 1
-2.1576134768e-01
-5.5523998216e-01
-7.3952562881e-01
1.6773491537e+02
-2.1172077870e-01
3.2928601922e-01

# state 4, action 2
-2.9039424735e-02
-3.3227239495e-01
-2.6704894612e-01
8.3363809188e+01
-3.1273133689e-01
2.0737610951e-01

# state 5, action 0
-2.2647766515e-01
3.3958586506e-01
1.2286422395e+00
1.1713124750e+02
1.4469594902e-01
2.8328178960e-01

# state 5, action 1
1.5838130095e-01
-5.3722353712e-01
-7.3757069839e-01
1.8951739568e+02
5.5527317592e-01
5.1348920246e-01

# state 5, action 2
-6.3832974225e-02
3.3010878847e-01
2.6784384497e-01
8.3846867458e+01
3.5382891981e-01
-1.1827072765e-01

# state 6, action 0
-2.3715448016e-01
3.2710184095e-01
1.2306810569e+00
1.1639366045e+02
-3.0235460991e-01
-4.7124105528e-02

# state 6, action 1
-2.1546800641e-01
5.5706878477e-01
7.4033555304e-01
1.6731290050e+02
3.8039404982e-01
-1.0085005073e-01

# state 6, action 2
2.2554278179e-01
-2.4842051825e-01
-2.7921914068e-01
8.7996519714e+01
9.1980623129e-02
4.5914635456e-01

# state 7, action 0
-3.4127660844e-01
1.8792670670e-01
1.2099605216e+00
1.2125365949e+02
-5.0405823571e-01
-3.1524865361e-01

# state 7, action 1
-4.6965045401e-01
2.8888802093e-01
7.3740774230e-01
1.8949681252e+02
-5.7408795452e-02
-7.5536678475e-01

# state 7, action 2
-2.9010143680e-01
1.7992218313e-01
2.7885676668e-01
8.8253742981e+01
3.2079818210e-02
-4.6275582002e-01

