# state 0, action 0
-4.6775287210e-02
-1.1919244805e-01
-4.1273512434e-01
1.2658254362e+01
-7.8838748095e-02
-1.3500215446e-02

# state 0, action 1
-6.0194882393e-02
-1.6851610171e-01
-2.4674427366e-01
1.9603680437e+01
-3.1766756366e-02
1.6362932650e-01

# state 0, action 2
-3.2703101460e-02
-9.6860338722e-02
-8.6675237680e-02
8.8672857851e+00
-1.4615756268e-02
1.0060019865e-01

# state 1, action 0
-2.4714255288e-02
-1.2535654373e-01
-4.1401569266e-01
1.2501398303e+01
-3.5990492693e-02
-2.3883532254e-02

# state 1, action 1
-1.5109166706e-02
-1.8015173192e-01
-2.4719937645e-01
1.9317812315e+01
6.3627504376e-02
1.3377529369e-01

# state 1, action 2
2.2419130296e-02
9.9875803380e-02
8.6725095742e-02
8.8749405866e+00
2.1446013271e-02
-9.8622311737e-02

# state 2, action 0
-2.7470999889e-02
-1.2448756470e-01
-4.1351050027e-01
1.2613970811e+01
2.3335735532e-02
-3.8332917643e-02

# state 2, action 1
1.5641017469e-02
1.7638495652e-01
2.4667141944e-01
1.9619727477e+01
6.9218270375e-02
-1.5232586605e-01

# state 2, action 2
-5.7459605511e-03
-1.0054533013e-01
-8.6118009579e-02
8.8220987857e+00
4.4038474429e-02
8.4359633580e-02

# state 3, action 0
-4.5470018262e-03
-1.2685407818e-01
-4.1293438277e-01
1.2576865483e+01
6.7313046358e-02
-4.2031222671e-02

# state 3, action 1
-2.9209066526e-02
1.7799976064e-01
2.4669194133e-01
1.9341181694e+01
-2.8704296546e-02
-1.4340608081e-01

# state 3, action 2
-3.9763771592e-03
1.0119632210e-01
8.6085951316e-02
8.8098264051e+00
-3.7665940301e-02
-8.7162563386e-02

# state 4, action 0
-4.8530113274e-03
1.2720039146e-01
4.1317407595e-01
1.2558614416e+01
6.7120549055e-02
4.1334531160e-02

# state 4, action 1
-2.9584889988e-02
-1.7781794583e-01
-2.4704656512e-01
1.9305706885e+01
-2.9103538833e-02
1.4515633992e-01

# state 4, action 2
-4.0628628633e-03
-1.0127770596e-01
-8.6274267358e-02
8.8202504660e+00
-3.7789985643e-02
8.7920511929e-02

# state 5, action 0
-2.7434847176e-02
1.2438280322e-01
4.1368968816e-01
1.2614225880e+01
2.3491745100e-02
3.7444663106e-02

# state 5, action 1
1.5376386297e-02
-1.7791176970e-01
-2.4686825720e-01
1.9687369897e+01
6.8903799496e-02
1.5165919075e-01

# state 5, action 2
-5.3009086129e-03
1.0202057481e-01
8.6526452813e-02
8.8605575792e+00
4.4797268348e-02
-8.4670671218e-02

# state 6, action 0
-2.5053235716e-02
1.2572308970e-01
4.1342311147e-01
1.2597423328e+01
-3.7067264264e-02
2.6788848299e-02

# state 6, action 1
-1.4062258278e-02
1.8001834299e-01
2.4683954317e-01
1.9373786705e+01
6.4149770389e-02
-1.3239949244e-01

# state 6, action 2
2.2344496164e-02
-1.0059136831e-01
-8.6824389165e-02
8.8741170654e+00
2.1277434399e-02
9.8331090336e-02

# state 7, action 0
-4.6842348364e-02
1.1807293961e-01
4.1337646291e-01
1.2588951023e+01
-7.7995113515e-02
9.6824912123e-03

# state 7, action 1
-6.0108537779e-02
1.6823309210e-01
2.4727081222e-01
1.9622166433e+01
-3.0813630342e-02
-1.6609572993e-01

# state 7, action 2
-3.2446077923e-02
9.7112779552e-02
8.6895847518e-02
8.8774740867e+00
-1.4025419975e-02
-1.0126489922e-01

