# state 0, action 0
-1.2458605006e-01
-1.7318757780e-01
-6.8552654892e-01
3.5395341698e+01
-2.0159599134e-01
3.5071775912e-02

# state 0, action 1
-1.6298717623e-01
-2.5268404870e-01
-4.1180796668e-01
5.5167426543e+01
-6.8466983781e-02
3.1910120188e-01

# state 0, action 2
-9.2181486426e-02
-1.4948195026e-01
-1.4706370599e-01
2.5249302793e+01
-2.7407236706e-02
1.9683728346e-01

# state 1, action 0
-6.9679129203e-02
-2.0554518994e-01
-6.8825117548e-01
3.5105953533e+01
-9.9136892039e-02
-2.8223444547e-02

# state 1, action 1
-4.7241378099e-02
-3.0809776424e-01
-4.1189484220e-01
5.3176310139e+01
1.6341668055e-01
1.7728214040e-01

# state 1, action 2
6.6525526708e-02
1.6445815583e-01
1.4736857102e-01
2.5174027687e+01
5.2752966743e-02
-1.8880365508e-01

# state 2, action 0
-7.3746215631e-02
-2.0362118935e-01
-6.8814695616e-01
3.5294306540e+01
6.1526866630e-02
-8.5809429659e-02

# state 2, action 1
4.6295694141e-02
2.9897844226e-01
4.1147608355e-01
5.5154427250e+01
1.8867352511e-01
-2.6146180616e-01

# state 2, action 2
-1.5346166135e-02
-1.7246665545e-01
-1.4472882897e-01
2.4817000894e+01
1.2092472719e-01
1.2254689712e-01

# state 3, action 0
-1.4111380555e-02
-2.1174182146e-01
-6.8492259565e-01
3.5439593326e+01
1.7689586400e-01
-1.0175969525e-01

# state 3, action 1
-7.8871224478e-02
2.9898029607e-01
4.1135414485e-01
5.3264727349e+01
-7.7533261384e-02
-2.2782206470e-01

# state 3, action 2
-1.1132368684e-02
1.7198815584e-01
1.4455528193e-01
2.4768203159e+01
-1.0337448509e-01
-1.3883420222e-01

# state 4, action 0
-1.4962617927e-02
2.1221822095e-01
6.8498326121e-01
3.5349554230e+01
1.7608976385e-01
1.0198747744e-01

# state 4, action 1
-7.7747031853e-02
-2.9954811183e-01
-4.1178409660e-01
5.3226422731e+01
-7.6454731029e-02
2.2909782937e-01

# state 4, action 2
-9.3769374626e-03
-1.7333158742e-01
-1.4531737093e-01
2.4886044250e+01
-1.0186401631e-01
1.4082990728e-01

# state 5, action 0
-7.3519626084e-02
1.9897441576e-01
6.8855573565e-01
3.4960327432e+01
6.2190667035e-02
7.9464708322e-02

# state 5, action 1
4.8101926213e-02
-2.9648292718e-01
-4.1119494023e-01
5.5077900141e+01
1.9058969371e-01
2.6279148747e-01

# state 5, action 2
-1.6293560972e-02
1.7207056912e-01
1.4506677671e-01
2.4825996708e+01
1.2039862016e-01
-1.2434638275e-01

# state 6, action 0
-7.2380429949e-02
2.0411783461e-01
6.8841576792e-01
3.5110457404e+01
-1.0151059867e-01
2.6151442770e-02

# state 6, action 1
-5.0184522840e-02
3.0710856642e-01
4.1227495171e-01
5.3148664657e+01
1.6134732003e-01
-1.7966870959e-01

# state 6, action 2
6.7129608525e-02
-1.6344005900e-01
-1.4742655379e-01
2.5166619023e+01
5.3272433360e-02
1.9004795103e-01

# state 7, action 0
-1.2598035122e-01
1.7445796511e-01
6.8532313944e-01
3.5457258567e+01
-2.0344273870e-01
-3.3044348065e-02

# state 7, action 1
-1.6363583295e-01
2.5322794477e-01
4.1209611475e-01
5.5107958383e+01
-6.8369703477e-02
-3.1958012405e-01

# state 7, action 2
-9.1897042155e-02
1.5085480327e-01
1.4741052009e-01
2.5208453020e+01
-2.6303141922e-02
-1.9670579474e-01

