# state 0, action 0
-1.8216546038e-01
-1.9670056457e-01
-8.1877757257e-01
5.5235219406e+02
-2.8669646491e-01
7.0438814626e-02

# state 0, action 1
-2.3596097897e-01
-2.9186675180e-01
-4.9367851557e-01
8.6693085538e+02
-8.8792759096e-02
4.0158826314e-01

# state 0, action 2
-1.3263930065e-01
-1.7743147067e-01
-1.7871704450e-01
3.9403967126e+02
-2.6302908807e-02
2.4800411230e-01

# state 1, action 0
-1.0821011428e-01
-2.4997870861e-01
-8.2481957546e-01
5.4252241027e+02
-1.4789806123e-01
-2.9256181616e-02

# state 1, action 1
-7.3585487466e-02
-3.8708472893e-01
-4.9449306998e-01
8.1559709593e+02
2.2280130528e-01
1.6636812589e-01

# state 1, action 2
9.8541919587e-02
1.9805544258e-01
1.7872040484e-01
3.9362646005e+02
6.9522101097e-02
-2.3951948335e-01

# state 2, action 0
-1.0958986630e-01
-2.4916302795e-01
-8.2481561385e-01
5.4272205888e+02
7.9445208562e-02
-1.2852468796e-01

# state 2, action 1
6.9143796191e-02
3.6864317166e-01
4.9364140346e-01
8.6713731323e+02
2.6817099833e-01
-3.1160025795e-01

# state 2, action 2
-2.2764029520e-02
-2.1683355384e-01
-1.7521350256e-01
3.8422251271e+02
1.7225741657e-01
1.2856911640e-01

# state 3, action 0
-1.9053815230e-02
-2.6695393010e-01
-8.1876623785e-01
5.5210926108e+02
2.4743803465e-01
-1.6085189908e-01

# state 3, action 1
-1.1899869862e-01
3.7567551847e-01
4.9449992847e-01
8.1576171871e+02
-1.1722127480e-01
-2.5216854944e-01

# state 3, action 2
-1.5733658834e-02
2.1737521583e-01
1.7513940665e-01
3.8408027131e+02
-1.4753130257e-01
-1.5641407197e-01

# state 4, action 0
-1.9050297176e-02
2.6685390910e-01
8.1873207923e-01
5.5196832646e+02
2.4741231173e-01
1.6088619254e-01

# state 4, action 1
-1.1902856613e-01
-3.7552552649e-01
-4.9446339979e-01
8.1533908578e+02
-1.1724667732e-01
2.5216523866e-01

# state 4, action 2
-1.5780668006e-02
-2.1728341853e-01
-1.7513704155e-01
3.8397564663e+02
-1.4757742195e-01
1.5649562754e-01

# state 5, action 0
-1.0972807725e-01
2.4931169825e-01
8.2477879144e-01
5.4310017157e+02
7.9261132937e-02
1.2882099934e-01

# state 5, action 1
6.9247422001e-02
-3.6857021961e-01
-4.9372760084e-01
8.6688437870e+02
2.6823630214e-01
3.1201796066e-01

# state 5, action 2
-2.2699146293e-02
2.1691703316e-01
1.7518956905e-01
3.8439262409e+02
1.7228710906e-01
-1.2838981803e-01

# state 6, action 0
-1.0832050968e-01
2.5008057260e-01
8.2472003295e-01
5.4280293514e+02
-1.4823937714e-01
2.9723949987e-02

# state 6, action 1
-7.3501492811e-02
3.8695168923e-01
4.9441618546e-01
8.1533032667e+02
2.2268135585e-01
-1.6624438883e-01

# state 6, action 2
9.8730587311e-02
-1.9812105607e-01
-1.7879682029e-01
3.9395279031e+02
6.9583799681e-02
2.3973394323e-01

# state 7, action 0
-1.8183080786e-01
1.9668256090e-01
8.1867048449e-01
5.5244598349e+02
-2.8663528696e-01
-7.0091009133e-02

# state 7, action 1
-2.3561000222e-01
2.9216318483e-01
4.9349486833e-01
8.6675110706e+02
-8.8989040637e-02
-4.0071069626e-01

# state 7, action 2
-1.3231182180e-01
1.7732298407e-01
1.7861773857e-01
3.9338274056e+02
-2.6244753099e-02
-2.4779431388e-01

