-2.2492030541e-01 -2.9726454488e-01 -1.7577664192e-01 
-1.4339432152e-01 -1.1034065380e-01 1.3430876696e-01 
-1.3950368004e-01 9.2646459726e-02 -3.2972756057e-02 
-2.9470272457e-02 -1.4342181090e-01 -1.9485702521e-02 
-2.9697275268e-02 -1.4373050978e-01 -2.0055097182e-02 
-1.3910195006e-01 9.2586812004e-02 -3.3192914133e-02 
-1.4160483635e-01 -1.1099723538e-01 1.3591669285e-01 
-2.2424769199e-01 -2.9554285857e-01 -1.7425812649e-01 


-1.9376234714e-01 -2.9238918362e-01 -1.7818141370e-01 
-2.7461032118e-01 -4.3578957825e-01 2.1671003647e-01 
-2.7201386035e-01 4.1676722207e-01 -2.4717269997e-01 
-3.0065084335e-01 4.2599733358e-01 2.4747163519e-01 
3.0287149086e-01 -4.2445741368e-01 -2.5015639347e-01 
2.7242671255e-01 -4.1907868561e-01 2.4662955695e-01 
2.7301095101e-01 4.3682829058e-01 -2.1867533354e-01 
1.9387780137e-01 2.9249024151e-01 1.8039522861e-01 


-9.5266415772e-01 -5.7573019179e-01 -2.1047626598e-01 
-9.6059541993e-01 -5.7648776663e-01 2.0963476006e-01 
-9.6077006081e-01 5.7591893114e-01 -2.0551912131e-01 
-9.5154245391e-01 5.7660359238e-01 2.0473473759e-01 
9.5082867330e-01 -5.7603299210e-01 -2.0516809014e-01 
9.6098488319e-01 -5.7497894057e-01 2.0498024956e-01 
9.6094556573e-01 5.7590502606e-01 -2.1071020221e-01 
9.5189853427e-01 5.7545210304e-01 2.1080618900e-01 


7.1096813555e+01 1.1078425465e+02 5.0935648176e+01 
6.9489418237e+01 1.0280905561e+02 5.0658560441e+01 
6.9681959517e+01 1.1015614632e+02 4.9281010236e+01 
7.0905230933e+01 1.0243430977e+02 4.9248661720e+01 
7.1083037453e+01 1.0276279483e+02 4.9532095591e+01 
6.9489040564e+01 1.1073513254e+02 4.9258579479e+01 
6.9225147710e+01 1.0296215740e+02 5.0902858803e+01 
7.1516445723e+01 1.1075154407e+02 5.0967626003e+01 


-3.4946348426e-01 -7.9269057346e-02 -1.5528113122e-02 
-1.9364853107e-01 2.7991814001e-01 8.3920980742e-02 
1.0851582480e-01 3.5404937212e-01 2.2874489168e-01 
3.2058653532e-01 -1.4101968658e-01 -1.9637907350e-01 
3.1968023127e-01 -1.4124771644e-01 -1.9713503186e-01 
1.0921907075e-01 3.5444877702e-01 2.2762130144e-01 
-1.9094324147e-01 2.7754158517e-01 8.3566476800e-02 
-3.5096213742e-01 -7.8468011077e-02 -1.3020867754e-02 


1.4852792275e-01 5.2375635945e-01 3.2337691882e-01 
-7.4127037857e-03 1.6889745433e-01 -3.0439519586e-01 
-1.5941449307e-01 -3.8722182035e-01 1.3983809197e-01 
-2.0798482685e-01 -2.9415868380e-01 -1.8145527293e-01 
2.1287742291e-01 2.9336447777e-01 1.8062096420e-01 
1.5900136999e-01 3.8130882057e-01 -1.3831637208e-01 
4.6219061248e-03 -1.6613181011e-01 3.0609095562e-01 
-1.4605874712e-01 -5.2289581605e-01 -3.2208289059e-01 


