-3.8956372432e-01 -5.8773959653e-01 -4.0137596110e-01 
-3.2353279198e-01 -3.8592879008e-01 3.6341917424e-01 
-2.7473236947e-01 3.0864622946e-01 -1.1574043861e-01 
-3.8243323705e-02 -2.8877596858e-01 -4.2938462412e-02 
-3.7109248228e-02 -2.9343774179e-01 -4.3030798213e-02 
-2.7476089067e-01 3.0333331659e-01 -1.1728413838e-01 
-3.2361156588e-01 -3.8161087948e-01 3.6532776473e-01 
-3.9017677910e-01 -5.9177612204e-01 -3.9814335762e-01 


-4.8650979920e-05 2.2722008393e-03 1.6474191578e-03 
-2.3488437358e-01 -5.5883263949e-01 1.6196838667e-01 
-2.9554933531e-01 5.2061747854e-01 -3.8973180600e-01 
-3.9089754452e-01 6.1439663208e-01 4.0205991549e-01 
3.8707334318e-01 -6.1369988285e-01 -4.0487895692e-01 
2.9614250556e-01 -5.1954651864e-01 3.9151241175e-01 
2.3487786442e-01 5.6340605865e-01 -1.6404864786e-01 
4.1290762694e-03 -4.0207478103e-03 -9.2544549540e-04 


-1.6678906469e+00 -1.0478900036e+00 -4.2588192980e-01 
-1.7040815212e+00 -1.0490149846e+00 4.2672678209e-01 
-1.7028552426e+00 1.0471461272e+00 -3.9116750689e-01 
-1.6671261767e+00 1.0474598535e+00 3.9088907348e-01 
1.6670222277e+00 -1.0474120808e+00 -3.9040841679e-01 
1.7034335084e+00 -1.0480145597e+00 3.9233060236e-01 
1.7044246182e+00 1.0479162893e+00 -4.2760852509e-01 
1.6678388462e+00 1.0474930874e+00 4.2663855224e-01 


4.1693547546e+02 8.2819522793e+02 4.1528205681e+02 
3.7666684982e+02 6.6646440899e+02 4.1857096346e+02 
3.7757616397e+02 8.3385271092e+02 3.7726558203e+02 
4.1655643297e+02 6.6629735789e+02 3.7735423520e+02 
4.1520240081e+02 6.6687566005e+02 3.7733891916e+02 
3.7708723932e+02 8.3229808905e+02 3.7757261597e+02 
3.7791761502e+02 6.6843336934e+02 4.1863530762e+02 
4.1822872998e+02 8.3119915204e+02 4.1668287356e+02 


-2.3030472809e-01 5.3995896949e-01 3.9435427855e-01 
-1.1880073082e-01 7.4556465235e-01 -4.8523304907e-02 
4.2508360782e-01 8.7116293360e-01 6.3447333348e-01 
8.5892904760e-01 -2.8877585247e-01 -5.3078539079e-01 
8.5992076056e-01 -2.9343766413e-01 -5.3062942105e-01 
4.2624541547e-01 8.6556892400e-01 6.3582483427e-01 
-1.1764289205e-01 7.4595685321e-01 -4.8288737819e-02 
-2.3109830861e-01 5.3437561628e-01 4.0012839485e-01 


8.8691018966e-01 1.3013093722e+00 7.6247079322e-01 
4.4629143685e-01 9.1702819230e-02 -8.6140261683e-01 
-1.8643415727e-01 -1.1030355241e+00 1.4940520032e-01 
-3.2026589347e-01 -6.8552674372e-01 -3.8131007216e-01 
3.1669926742e-01 6.8606226016e-01 3.7663438715e-01 
1.8548070408e-01 1.1065490580e+00 -1.5067578820e-01 
-4.4680646705e-01 -8.6516361641e-02 8.6117426251e-01 
-8.8277973370e-01 -1.3030586833e+00 -7.6199699098e-01 


