-8.5251326812e-02 -1.0812287599e-01 -5.8295965382e-02 
-4.6901237229e-02 -2.7121927356e-02 4.2386418136e-02 
-4.9358433689e-02 3.0076935311e-02 -9.0143002290e-03 
-7.8121061441e-03 -5.5868728372e-02 -7.6710905408e-03 
-7.6455621266e-03 -5.5911265717e-02 -7.6657900829e-03 
-4.9603076069e-02 3.0150824977e-02 -8.9413449971e-03 
-4.7016357104e-02 -2.7190379029e-02 4.2474897538e-02 
-8.5210288395e-02 -1.0801443460e-01 -5.8225146156e-02 


-1.5457542083e-01 -2.2263990759e-01 -1.3058121663e-01 
-1.7134482310e-01 -2.5202006805e-01 1.3646955446e-01 
-1.7056633321e-01 2.4527531805e-01 -1.4148686103e-01 
-1.7622273046e-01 2.4704962476e-01 1.4156923147e-01 
1.7607544087e-01 -2.4710431898e-01 -1.4145849376e-01 
1.7079305837e-01 -2.4538213849e-01 1.4155854869e-01 
1.7157259247e-01 2.5219075351e-01 -1.3665290576e-01 
1.5443389311e-01 2.2228660292e-01 1.3041713456e-01 


-5.4943209886e-01 -3.2956950500e-01 -1.1698855256e-01 
-5.5128415642e-01 -3.2987256129e-01 1.1698871352e-01 
-5.5127126823e-01 3.2960597803e-01 -1.1596848542e-01 
-5.4943267519e-01 3.2979731957e-01 1.1592037119e-01 
5.4949062053e-01 -3.2985455004e-01 -1.1591477338e-01 
5.5120360694e-01 -3.2957403046e-01 1.1594079145e-01 
5.5114705078e-01 3.2981658624e-01 -1.1697556536e-01 
5.4948267380e-01 3.2962960370e-01 1.1697422634e-01 


2.4101328366e+02 3.7781071330e+02 1.7054136889e+02 
2.3895462110e+02 3.6758288831e+02 1.7039700369e+02 
2.3888778357e+02 3.7728010419e+02 1.6861355257e+02 
2.4074171013e+02 3.6716380944e+02 1.6854240092e+02 
2.4054874654e+02 3.6743484691e+02 1.6855217069e+02 
2.3925343443e+02 3.7731034958e+02 1.6874578359e+02 
2.3926999898e+02 3.6776893168e+02 1.7047086882e+02 
2.4075336085e+02 3.7727817220e+02 1.7030418917e+02 


-1.3890838721e-01 -5.2275827043e-02 -2.0919573829e-02 
-6.6613987281e-02 1.1116774206e-01 3.7011804986e-02 
3.9559785463e-02 1.2331040026e-01 7.9662009920e-02 
1.1750497431e-01 -5.5058571345e-02 -6.7387472350e-02 
1.1770715828e-01 -5.5105913974e-02 -6.7380718628e-02 
3.9255848734e-02 1.2339465003e-01 7.9706869243e-02 
-6.6952606153e-02 1.1099299621e-01 3.7116301748e-02 
-1.3877420833e-01 -5.2038732801e-02 -2.0876850315e-02 


-2.2269143408e-03 2.2875262210e-01 1.4140287047e-01 
-3.3621080851e-02 1.5436556413e-01 -1.3801872725e-01 
-6.3626281462e-02 -2.0005393717e-01 1.0354065442e-01 
-7.4314125974e-02 -1.8189198292e-01 -1.1186024395e-01 
7.3921207648e-02 1.8208701390e-01 1.1194621683e-01 
6.4142287061e-02 1.9981066641e-01 -1.0335055714e-01 
3.4413853341e-02 -1.5397305669e-01 1.3778138334e-01 
1.8836009920e-03 -2.2933912851e-01 -1.4151109660e-01 


