-4.8822412369e-02 -6.1419451107e-02 -3.2605185136e-02 
-2.6193032799e-02 -1.4050477696e-02 2.3443109887e-02 
-2.7954249443e-02 1.6834015416e-02 -4.8553543422e-03 
-4.2609488993e-03 -3.2000016271e-02 -4.3973596866e-03 
-4.2181748668e-03 -3.2041038362e-02 -4.5070711886e-03 
-2.7946999007e-02 1.6748233972e-02 -4.8308489649e-03 
-2.6177999302e-02 -1.4113259205e-02 2.3415993117e-02 
-4.8739917628e-02 -6.1265766774e-02 -3.2526270894e-02 


-1.2242484567e-01 -1.7420230070e-01 -1.0084987898e-01 
-1.2975795026e-01 -1.8664162914e-01 1.0309731205e-01 
-1.2936121601e-01 1.8390301840e-01 -1.0538298130e-01 
-1.3167270020e-01 1.8439742885e-01 1.0518896959e-01 
1.3141635273e-01 -1.8409509235e-01 -1.0507922128e-01 
1.2922330174e-01 -1.8366812147e-01 1.0514177942e-01 
1.2978902447e-01 1.8671330101e-01 -1.0321231607e-01 
1.2209826710e-01 1.7383345884e-01 1.0068513866e-01 


-4.1302654471e-01 -2.4733387703e-01 -8.7195109639e-02 
-4.1373005485e-01 -2.4737592166e-01 8.7113749322e-02 
-4.1373982792e-01 2.4734379009e-01 -8.6764352162e-02 
-4.1297071799e-01 2.4738747410e-01 8.6695257850e-02 
4.1305108918e-01 -2.4742382640e-01 -8.6707296256e-02 
4.1371039377e-01 -2.4724355852e-01 8.6690719770e-02 
4.1369863112e-01 2.4734969233e-01 -8.7132346489e-02 
4.1309872687e-01 2.4737057725e-01 8.7191977561e-02 


1.3472994133e+02 2.1114164471e+02 9.5142843154e+01 
1.3424082164e+02 2.0778730519e+02 9.4913365931e+01 
1.3422577545e+02 2.1100620743e+02 9.4561970220e+01 
1.3464401415e+02 2.0761540395e+02 9.4344670289e+01 
1.3442006854e+02 2.0746610057e+02 9.4326875052e+01 
1.3413556144e+02 2.1075017448e+02 9.4339042221e+01 
1.3418922780e+02 2.0765633878e+02 9.4866038532e+01 
1.3443872380e+02 2.1086402383e+02 9.5038477622e+01 


-8.0472273122e-02 -3.2020650038e-02 -1.3732057691e-02 
-3.7825090373e-02 6.4943797588e-02 2.2102515368e-02 
2.3005905916e-02 7.0241721346e-02 4.5425899082e-02 
6.7616290585e-02 -3.1540653877e-02 -3.8207877379e-02 
6.7697111083e-02 -3.1583990377e-02 -3.8319961978e-02 
2.2993452075e-02 7.0181089294e-02 4.5393713890e-02 
-3.7849180205e-02 6.4842735536e-02 2.2057830896e-02 
-8.0287278206e-02 -3.1806497794e-02 -1.3657880923e-02 


-1.5506487703e-02 1.6038800116e-01 9.8771804804e-02 
-2.9508629977e-02 1.2802578231e-01 -9.7061818526e-02 
-4.2203845348e-02 -1.4774595689e-01 8.2348632701e-02 
-4.6691733273e-02 -1.4008465057e-01 -8.5885645867e-02 
4.6085655661e-02 1.4054776872e-01 8.6049051094e-02 
4.2194628452e-02 1.4754285057e-01 -8.2267834223e-02 
2.9674331736e-02 -1.2784411413e-01 9.7026298076e-02 
1.4876227742e-02 -1.6090900674e-01 -9.8923526061e-02 


