-1.7078136020e-01 -2.2548728228e-01 -1.3111818747e-01 
-1.0287280265e-01 -7.6174149937e-02 9.7042606455e-02 
-1.0360708442e-01 6.6405512006e-02 -2.3654248177e-02 
-2.1410580614e-02 -1.1003758574e-01 -1.5156160276e-02 
-2.3558651763e-02 -1.0866007519e-01 -1.3814330083e-02 
-1.0271237074e-01 6.8631092580e-02 -2.2724427279e-02 
-1.0488114903e-01 -7.5597782772e-02 9.8354512328e-02 
-1.7139698702e-01 -2.2553423998e-01 -1.3027252683e-01 


-1.9278399366e-01 -2.8438507815e-01 -1.7151545303e-01 
-2.4231771370e-01 -3.7343724155e-01 1.9353900192e-01 
-2.3850950470e-01 3.5939787617e-01 -2.1077492554e-01 
-2.5775917736e-01 3.6320603159e-01 2.1137291444e-01 
2.5610984984e-01 -3.6236478633e-01 -2.1041043543e-01 
2.3955997737e-01 -3.6038323319e-01 2.0955296802e-01 
2.3958318740e-01 3.7115617737e-01 -1.9057683988e-01 
1.9117230801e-01 2.8243997511e-01 1.7059539587e-01 


-8.1945304660e-01 -4.9370441899e-01 -1.7846273310e-01 
-8.2489528984e-01 -4.9422738547e-01 1.7830502872e-01 
-8.2479103539e-01 4.9312739304e-01 -1.7576572130e-01 
-8.1854429962e-01 4.9366008399e-01 1.7483067055e-01 
8.1921243103e-01 -4.9412626179e-01 -1.7469433153e-01 
8.2460233130e-01 -4.9347351559e-01 1.7465583223e-01 
8.2475094338e-01 4.9429637890e-01 -1.7789683574e-01 
8.1954423373e-01 4.9366583705e-01 1.7844408017e-01 


5.1502885735e+01 8.0025638234e+01 3.6939230627e+01 
5.0702259661e+01 7.6086647896e+01 3.6852274321e+01 
5.0824635096e+01 7.9720949450e+01 3.6264547813e+01 
5.1553349292e+01 7.6308360290e+01 3.6073851790e+01 
5.1476604186e+01 7.6190163665e+01 3.6049422826e+01 
5.0957484677e+01 7.9773423222e+01 3.5992745330e+01 
5.1135680570e+01 7.6430489611e+01 3.6693555249e+01 
5.1427115304e+01 8.0360269988e+01 3.6864354444e+01 


-2.7358648034e-01 -7.8241863089e-02 -2.5471438942e-02 
-1.4238508161e-01 2.1950797105e-01 6.8713336137e-02 
8.5397375800e-02 2.6566185200e-01 1.7217979222e-01 
2.4489136434e-01 -1.0815608988e-01 -1.4683744780e-01 
2.4331557640e-01 -1.0683671278e-01 -1.4544410289e-01 
8.6057122417e-02 2.6773302032e-01 1.7147764145e-01 
-1.4472831383e-01 2.2026730598e-01 7.0704464422e-02 
-2.7396899818e-01 -7.8403804778e-02 -2.4676353285e-02 


7.6662106272e-02 4.0915189759e-01 2.5310498409e-01 
-2.1316886595e-02 1.7912822097e-01 -2.4251368196e-01 
-1.1796971293e-01 -3.1878981220e-01 1.3683834787e-01 
-1.5252984304e-01 -2.6111343752e-01 -1.6107945445e-01 
1.4825344341e-01 2.6391109340e-01 1.6145155649e-01 
1.1977682676e-01 3.1918873012e-01 -1.3361682062e-01 
1.9112939912e-02 -1.8163974278e-01 2.4398020576e-01 
-7.8585103516e-02 -4.1097492314e-01 -2.5396524599e-01 


