# state 0, action 0
-2.1890571748e-02
-8.4720968048e-02
-2.7580679274e-01
5.9582141704e+01
-3.6430441046e-02
-1.7065628147e-02

# state 0, action 1
-2.7354992989e-02
-1.1950030699e-01
-1.6497493924e-01
9.3343772726e+01
-1.4944304251e-02
1.0145077187e-01

# state 0, action 2
-1.4371662397e-02
-6.8474150349e-02
-5.7879808015e-02
4.2015893211e+01
-6.6907005447e-03
6.2256969338e-02

# state 1, action 0
-1.1543615147e-02
-8.6987388496e-02
-2.7596976740e-01
5.9554302149e+01
-1.6869449975e-02
-2.1546441228e-02

# state 1, action 1
-5.8517577735e-03
-1.2327666379e-01
-1.6491178237e-01
9.2679844098e+01
2.9651404493e-02
9.1312982182e-02

# state 1, action 2
1.0287652485e-02
6.9070695920e-02
5.7807981748e-02
4.1904320742e+01
1.0228326056e-02
-6.1569934150e-02

# state 2, action 0
-1.2476226076e-02
-8.6798439442e-02
-2.7598048371e-01
5.9547316761e+01
1.0484291387e-02
-2.5237258673e-02

# state 2, action 1
7.4195037519e-03
1.2225694964e-01
1.6489702781e-01
9.3312525849e+01
3.1476903676e-02
-9.7386273005e-02

# state 2, action 2
-2.0988621197e-03
-6.9717245389e-02
-5.7698654871e-02
4.1832678302e+01
2.0353291804e-02
5.7141880611e-02

# state 3, action 0
-1.8749362141e-03
-8.7555753665e-02
-2.7575679535e-01
5.9649730171e+01
3.0523463409e-02
-2.6638597618e-02

# state 3, action 1
-1.4392018200e-02
1.2250836221e-01
1.6493205370e-01
9.2671938359e+01
-1.4186197548e-02
-9.5088823552e-02

# state 3, action 2
-2.0253392779e-03
6.9688204933e-02
5.7691936949e-02
4.1817354551e+01
-1.7123699741e-02
-5.8224452039e-02

# state 4, action 0
-1.8584836004e-03
8.7480302619e-02
2.7576831476e-01
5.9616576964e+01
3.0543618534e-02
2.6512076207e-02

# state 4, action 1
-1.4427917787e-02
-1.2254737809e-01
-1.6493247314e-01
9.2693519810e+01
-1.4222115119e-02
9.5051680717e-02

# state 4, action 2
-2.0456326465e-03
-6.9704531155e-02
-5.7693935438e-02
4.1830611480e+01
-1.7144258019e-02
5.8217080880e-02

# state 5, action 0
-1.2436307062e-02
8.6762221722e-02
2.7594287349e-01
5.9550447584e+01
1.0507203585e-02
2.5368138098e-02

# state 5, action 1
7.3442433951e-03
-1.2223643605e-01
-1.6485996842e-01
9.3277679054e+01
3.1407985941e-02
9.7242177771e-02

# state 5, action 2
-2.0611078697e-03
6.9626390681e-02
5.7673490008e-02
4.1796062479e+01
2.0378022946e-02
-5.7120918478e-02

# state 6, action 0
-1.1532173687e-02
8.6898246107e-02
2.7594789995e-01
5.9520407083e+01
-1.6876396287e-02
2.1553587948e-02

# state 6, action 1
-5.8515882375e-03
1.2311338726e-01
1.6488812509e-01
9.2617430333e+01
2.9628152864e-02
-9.1373054277e-02

# state 6, action 2
1.0232017281e-02
-6.9014865956e-02
-5.7795500599e-02
4.1865344267e+01
1.0180739544e-02
6.1570871688e-02

# state 7, action 0
-2.1861313235e-02
8.4602495785e-02
2.7575347624e-01
5.9560432254e+01
-3.6452654379e-02
1.7180042011e-02

# state 7, action 1
-2.7286210682e-02
1.1923304947e-01
1.6485856335e-01
9.3136829781e+01
-1.5005695531e-02
-1.0121283204e-01

# state 7, action 2
-1.4303559644e-02
6.8212731422e-02
5.7778238434e-02
4.1819906285e+01
-6.7270492493e-03
-6.2076987226e-02

