-5.2745320246e-03 -6.5599928602e-03 -3.3950026836e-03 
-3.0261699210e-03 -1.8764452121e-03 2.6962687476e-03 
-2.7135183429e-03 1.5427648527e-03 -5.4485496810e-04 
-6.7813220605e-04 -3.2351259747e-03 -2.3921309460e-04 
-6.6425900133e-04 -3.2009476169e-03 -3.3318159686e-04 
-3.1857787849e-03 1.8802484087e-03 -8.6854805045e-04 
-2.8837695374e-03 -1.7550491645e-03 2.5670798186e-03 
-5.4472893741e-03 -6.8242786593e-03 -3.6378789187e-03 


-4.2040291755e-02 -5.9044927150e-02 -3.3807698618e-02 
-4.1988426656e-02 -5.8778263529e-02 3.3096989903e-02 
-4.1915331893e-02 5.8856927900e-02 -3.3227752607e-02 
-4.2295044353e-02 5.9271366303e-02 3.3732666147e-02 
4.1995358163e-02 -5.8994127924e-02 -3.3555514551e-02 
4.1973337655e-02 -5.8677321892e-02 3.3246421585e-02 
4.2196350776e-02 5.9417599534e-02 -3.4109327384e-02 
4.1905023061e-02 5.8787463861e-02 3.3604901892e-02 


-1.3803869172e-01 -8.2475882580e-02 -2.8913228541e-02 
-1.3795717235e-01 -8.2202865323e-02 2.8612572424e-02 
-1.3805664359e-01 8.2326897591e-02 -2.8625724479e-02 
-1.3799954891e-01 8.2392756627e-02 2.8771557798e-02 
1.3809216981e-01 -8.2418750768e-02 -2.8746695249e-02 
1.3799416960e-01 -8.2283377393e-02 2.8650994966e-02 
1.3810994079e-01 8.2520653378e-02 -2.8993451428e-02 
1.3802244266e-01 8.2393367308e-02 2.8823804675e-02 


1.3951583117e+00 2.1804021224e+00 9.9661322506e-01 
1.3947190447e+00 2.1670841862e+00 9.7902598464e-01 
1.3922782833e+00 2.1680245042e+00 9.7564171134e-01 
1.3971901428e+00 2.1722375607e+00 9.8534953203e-01 
1.3896432043e+00 2.1664723069e+00 9.8107007182e-01 
1.3927350712e+00 2.1686472838e+00 9.7822677559e-01 
1.3953980676e+00 2.1850219433e+00 1.0026745208e+00 
1.3971691357e+00 2.1785408470e+00 9.8912255632e-01 


-8.9821238509e-03 -3.5795396406e-03 -1.5590993152e-03 
-4.4119873301e-03 6.9333344037e-03 2.8332098227e-03 
3.0783886421e-03 7.6162354527e-03 5.0370669834e-03 
7.4883021702e-03 -3.1817834938e-03 -4.0216656233e-03 
7.5172402755e-03 -3.1481726268e-03 -4.1139716340e-03 
2.5918914538e-03 7.9575214725e-03 4.7199262818e-03 
-4.2048487086e-03 7.2135593660e-03 2.5794318150e-03 
-9.1628188470e-03 -3.8904684616e-03 -1.8485154258e-03 


-9.3335469528e-03 5.0576043286e-02 3.1004738742e-02 
-1.0017824462e-02 4.8852683558e-02 -3.0396219697e-02 
-9.9928663225e-03 -4.9968702003e-02 2.9904990622e-02 
-1.0585068393e-02 -4.9572385927e-02 -3.0189529303e-02 
9.8701382755e-03 4.9966374000e-02 3.0254918278e-02 
1.0331108754e-02 4.9953104139e-02 -2.9999681331e-02 
9.5420028419e-03 -4.9632416649e-02 3.1088038558e-02 
9.2708580591e-03 -5.0465485255e-02 -3.0808599208e-02 


