Statei,Action,Staten,xcmi,ycmi,xcmn,ycmn,thetai,thetan
6,0,2,2.2500000000e+02,2.2500000000e+02,2.2474772437e+02,2.2534356549e+02,0.0000000000e+00,1.2298416408e+00
2,1,0,2.2474772437e+02,2.2534356549e+02,2.2428425947e+02,2.2567724530e+02,1.2298416408e+00,1.9674455464e+00
0,0,4,2.2428425947e+02,2.2567724530e+02,2.2459941510e+02,2.2541633279e+02,1.9674455464e+00,7.5868380804e-01
4,1,6,2.2459941510e+02,2.2541633279e+02,2.2482522944e+02,2.2483442021e+02,7.5868380804e-01,1.7841404540e-02
6,1,4,2.2482522944e+02,2.2483442021e+02,2.2459884477e+02,2.2541652265e+02,1.7841404540e-02,7.5862803709e-01
4,2,5,2.2459884477e+02,2.2541652265e+02,2.2481361498e+02,2.2514855282e+02,7.5862803709e-01,4.9124876821e-01
5,0,1,2.2481361498e+02,2.2514855282e+02,2.2443689431e+02,2.2534644068e+02,4.9124876821e-01,1.7210323060e+00
1,2,0,2.2443689431e+02,2.2534644068e+02,2.2414077658e+02,2.2553606828e+02,1.7210323060e+00,2.0010384777e+00
0,0,4,2.2414077658e+02,2.2553606828e+02,2.2446451756e+02,2.2528588798e+02,2.0010384777e+00,7.9227673934e-01
4,0,0,2.2446451756e+02,2.2528588798e+02,2.2414144925e+02,2.2553575178e+02,7.9227673934e-01,2.0010779980e+00
0,0,4,2.2414144925e+02,2.2553575178e+02,2.2446520012e+02,2.2528558427e+02,2.0010779980e+00,7.9231625964e-01
4,2,5,2.2446520012e+02,2.2528558427e+02,2.2468887419e+02,2.2502500034e+02,7.9231625964e-01,5.2493699076e-01
5,1,7,2.2468887419e+02,2.2502500034e+02,2.2510175053e+02,2.2463063019e+02,5.2493699076e-01,-2.1279569124e-01
7,2,6,2.2510175053e+02,2.2463063019e+02,2.2485319999e+02,2.2487828810e+02,-2.1279569124e-01,6.7035337880e-02
6,2,7,2.2485319999e+02,2.2487828810e+02,2.2510177517e+02,2.2462996825e+02,6.7035337880e-02,-2.1284668507e-01
7,0,3,2.2510177517e+02,2.2462996825e+02,2.2478804420e+02,2.2489202437e+02,-2.1284668507e-01,9.9598165693e-01
3,1,1,2.2478804420e+02,2.2489202437e+02,2.2417482543e+02,2.2500769519e+02,9.9598165693e-01,1.7367013852e+00
1,1,3,2.2417482543e+02,2.2500769519e+02,2.2478804264e+02,2.2489171989e+02,1.7367013852e+00,9.9606816236e-01
3,1,1,2.2478804264e+02,2.2489171989e+02,2.2417481387e+02,2.2500733766e+02,9.9606816236e-01,1.7367878906e+00
1,1,3,2.2417481387e+02,2.2500733766e+02,2.2478804110e+02,2.2489141541e+02,1.7367878906e+00,9.9615466779e-01
3,0,7,2.2478804110e+02,2.2489141541e+02,2.2510166115e+02,2.2462967423e+02,9.9615466779e-01,-2.1258565301e-01
7,1,5,2.2510166115e+02,2.2462967423e+02,2.2468793545e+02,2.2502408287e+02,-2.1258565301e-01,5.2499397519e-01
5,0,1,2.2468793545e+02,2.2502408287e+02,2.2430475275e+02,2.2520914796e+02,5.2499397519e-01,1.7547775130e+00
1,0,5,2.2430475275e+02,2.2520914796e+02,2.2468869300e+02,2.2502390075e+02,1.7547775130e+00,5.2489115369e-01
5,1,7,2.2468869300e+02,2.2502390075e+02,2.2510155126e+02,2.2462951168e+02,5.2489115369e-01,-2.1284152831e-01
7,2,6,2.2510155126e+02,2.2462951168e+02,2.2485301208e+02,2.2487718099e+02,-2.1284152831e-01,6.6989500810e-02
6,0,2,2.2485301208e+02,2.2487718099e+02,2.2457830422e+02,2.2520308870e+02,6.6989500810e-02,1.2968311416e+00
2,2,3,2.2457830422e+02,2.2520308870e+02,2.2488594084e+02,2.2505074855e+02,1.2968311416e+00,1.0294269365e+00
3,0,7,2.2488594084e+02,2.2505074855e+02,2.2520809443e+02,2.2479958517e+02,1.0294269365e+00,-1.7931338430e-01
7,1,5,2.2520809443e+02,2.2479958517e+02,2.2478147726e+02,2.2518001246e+02,-1.7931338430e-01,5.5826624390e-01
5,1,7,2.2478147726e+02,2.2518001246e+02,2.2520726593e+02,2.2479961964e+02,5.5826624390e-01,-1.7946643810e-01
7,2,6,2.2520726593e+02,2.2479961964e+02,2.2495060071e+02,2.2503885754e+02,-1.7946643810e-01,1.0036459102e-01
6,0,2,2.2495060071e+02,2.2503885754e+02,2.2466517065e+02,2.2535541706e+02,1.0036459102e-01,1.3302062318e+00
2,1,0,2.2466517065e+02,2.2535541706e+02,2.2417060461e+02,2.2564098028e+02,1.3302062318e+00,2.0678101375e+00
0,1,2,2.2417060461e+02,2.2564098028e+02,2.2466530894e+02,2.2535404219e+02,2.0678101375e+00,1.3301482185e+00
2,1,0,2.2466530894e+02,2.2535404219e+02,2.2417075947e+02,2.2563963410e+02,1.3301482185e+00,2.0677521241e+00
0,0,4,2.2417075947e+02,2.2563963410e+02,2.2451045834e+02,2.2541159226e+02,2.0677521241e+00,8.5899038572e-01
4,2,5,2.2451045834e+02,2.2541159226e+02,2.2475099677e+02,2.2516648955e+02,8.5899038572e-01,5.9161111684e-01
5,0,1,2.2475099677e+02,2.2516648955e+02,2.2435634461e+02,2.2532563649e+02,5.9161111684e-01,1.8213946546e+00
1,2,0,2.2435634461e+02,2.2532563649e+02,2.2404271743e+02,2.2548464066e+02,1.8213946546e+00,2.1014008264e+00
0,2,1,2.2404271743e+02,2.2548464066e+02,2.2435559578e+02,2.2532560138e+02,2.1014008264e+00,1.8215457768e+00
1,0,5,2.2435559578e+02,2.2532560138e+02,2.2475103999e+02,2.2516638291e+02,1.8215457768e+00,5.9165941751e-01
5,2,4,2.2475103999e+02,2.2516638291e+02,2.2451023335e+02,2.2541103556e+02,5.9165941751e-01,8.5913537870e-01
4,0,0,2.2451023335e+02,2.2541103556e+02,2.2417119372e+02,2.2563875729e+02,8.5913537870e-01,2.0679366374e+00
0,0,4,2.2417119372e+02,2.2563875729e+02,2.2451093467e+02,2.2541077813e+02,2.0679366374e+00,8.5917489900e-01
4,0,0,2.2451093467e+02,2.2541077813e+02,2.2417188605e+02,2.2563848646e+02,8.5917489900e-01,2.0679761577e+00
0,1,2,2.2417188605e+02,2.2563848646e+02,2.2466663801e+02,2.2535163050e+02,2.0679761577e+00,1.3303142387e+00
2,1,0,2.2466663801e+02,2.2535163050e+02,2.2417204113e+02,2.2563714030e+02,1.3303142387e+00,2.0679181444e+00
0,2,1,2.2417204113e+02,2.2563714030e+02,2.2447942004e+02,2.2546771611e+02,2.0679181444e+00,1.7880630948e+00
1,0,5,2.2447942004e+02,2.2546771611e+02,2.2486931254e+02,2.2529534882e+02,1.7880630948e+00,5.5817673550e-01
5,0,1,2.2486931254e+02,2.2529534882e+02,2.2448020094e+02,2.2546759932e+02,5.5817673550e-01,1.7879602733e+00
1,1,3,2.2448020094e+02,2.2546759932e+02,2.2509855487e+02,2.2538319541e+02,1.7879602733e+00,1.0473270505e+00
3,0,7,2.2509855487e+02,2.2538319541e+02,2.2542515246e+02,2.2513783854e+02,1.0473270505e+00,-1.6141327034e-01
7,1,5,2.2542515246e+02,2.2513783854e+02,2.2499179432e+02,2.2551056879e+02,-1.6141327034e-01,5.7616635786e-01
5,2,4,2.2499179432e+02,2.2551056879e+02,2.2475480685e+02,2.2575892276e+02,5.7616635786e-01,8.4364231905e-01
4,2,5,2.2475480685e+02,2.2575892276e+02,2.2499155524e+02,2.2551015726e+02,8.4364231905e-01,5.7626305017e-01
5,0,1,2.2499155524e+02,2.2551015726e+02,2.2459939207e+02,2.2567534237e+02,5.7626305017e-01,1.8060465880e+00
1,1,3,2.2459939207e+02,2.2567534237e+02,2.2521917134e+02,2.2560213541e+02,1.8060465880e+00,1.0654133651e+00
3,1,1,2.2521917134e+02,2.2560213541e+02,2.2459940530e+02,2.2567498490e+02,1.0654133651e+00,1.8061330934e+00
1,1,3,2.2459940530e+02,2.2567498490e+02,2.2521919091e+02,2.2560183155e+02,1.8061330934e+00,1.0654998706e+00
3,1,1,2.2521919091e+02,2.2560183155e+02,2.2459941856e+02,2.2567462744e+02,1.0654998706e+00,1.8062195988e+00
1,2,0,2.2459941856e+02,2.2567462744e+02,2.2428824030e+02,2.2583837243e+02,1.8062195988e+00,2.0862257706e+00
0,2,1,2.2428824030e+02,2.2583837243e+02,2.2459866928e+02,2.2567460369e+02,2.0862257706e+00,1.8063707210e+00
1,2,0,2.2459866928e+02,2.2567460369e+02,2.2428746628e+02,2.2583830166e+02,1.8063707210e+00,2.0863768927e+00
0,0,4,2.2428746628e+02,2.2583830166e+02,2.2463135322e+02,2.2561662581e+02,2.0863768927e+00,8.7761515433e-01
4,2,5,2.2463135322e+02,2.2561662581e+02,2.2487641464e+02,2.2537604532e+02,8.7761515433e-01,6.1023588545e-01
5,1,7,2.2487641464e+02,2.2537604532e+02,2.2532138843e+02,2.2501828421e+02,6.1023588545e-01,-1.2749679655e-01
7,0,3,2.2532138843e+02,2.2501828421e+02,2.2498646016e+02,2.2525264201e+02,-1.2749679655e-01,1.0813315454e+00
3,1,1,2.2498646016e+02,2.2525264201e+02,2.2436561305e+02,2.2531561715e+02,1.0813315454e+00,1.8220512737e+00
1,2,0,2.2436561305e+02,2.2531561715e+02,2.2405188153e+02,2.2547441536e+02,1.8220512737e+00,2.1020574454e+00
0,0,4,2.2405188153e+02,2.2547441536e+02,2.2439920206e+02,2.2525815888e+02,2.1020574454e+00,8.9329570705e-01
4,0,0,2.2439920206e+02,2.2525815888e+02,2.2405258269e+02,2.2547416830e+02,8.9329570705e-01,2.1020969657e+00
0,2,1,2.2405258269e+02,2.2547416830e+02,2.2436557168e+02,2.2531534686e+02,2.1020969657e+00,1.8222419162e+00
1,0,5,2.2436557168e+02,2.2531534686e+02,2.2476112663e+02,2.2515640372e+02,1.8222419162e+00,5.9235555689e-01
5,0,1,2.2476112663e+02,2.2515640372e+02,2.2436635611e+02,2.2531525682e+02,5.9235555689e-01,1.8221390947e+00
1,0,5,2.2436635611e+02,2.2531525682e+02,2.2476189471e+02,2.2515627301e+02,1.8221390947e+00,5.9225273539e-01
5,0,1,2.2476189471e+02,2.2515627301e+02,2.2436714053e+02,2.2531516670e+02,5.9225273539e-01,1.8220362732e+00
1,0,5,2.2436714053e+02,2.2531516670e+02,2.2476266278e+02,2.2515614222e+02,1.8220362732e+00,5.9214991389e-01
5,0,1,2.2476266278e+02,2.2515614222e+02,2.2436792494e+02,2.2531507650e+02,5.9214991389e-01,1.8219334517e+00
1,2,0,2.2436792494e+02,2.2531507650e+02,2.2405421213e+02,2.2547391167e+02,1.8219334517e+00,2.1019396234e+00
0,0,4,2.2405421213e+02,2.2547391167e+02,2.2440150717e+02,2.2525761428e+02,2.1019396234e+00,8.9317788502e-01
4,2,5,2.2440150717e+02,2.2525761428e+02,2.2465028286e+02,2.2502087659e+02,8.9317788502e-01,6.2579861614e-01
5,1,7,2.2465028286e+02,2.2502087659e+02,2.2510077027e+02,2.2467008353e+02,6.2579861614e-01,-1.1193406586e-01
7,1,5,2.2510077027e+02,2.2467008353e+02,2.2464950762e+02,2.2502092414e+02,-1.1193406586e-01,6.2564556234e-01
5,1,7,2.2464950762e+02,2.2502092414e+02,2.2509994134e+02,2.2467006213e+02,6.2564556234e-01,-1.1208711966e-01
7,0,3,2.2509994134e+02,2.2467006213e+02,2.2476144160e+02,2.2489923118e+02,-1.1208711966e-01,1.0967412223e+00
3,1,1,2.2476144160e+02,2.2489923118e+02,2.2413969781e+02,2.2495263217e+02,1.0967412223e+00,1.8374609506e+00
1,1,3,2.2413969781e+02,2.2495263217e+02,2.2476147067e+02,2.2489892809e+02,1.8374609506e+00,1.0968277278e+00
3,1,1,2.2476147067e+02,2.2489892809e+02,2.2413972227e+02,2.2495227529e+02,1.0968277278e+00,1.8375474560e+00
1,0,5,2.2413972227e+02,2.2495227529e+02,2.2453766350e+02,2.2479940471e+02,1.8375474560e+00,6.0766109674e-01
5,1,7,2.2453766350e+02,2.2479940471e+02,2.2498171465e+02,2.2444049907e+02,6.0766109674e-01,-1.3007158526e-01
7,2,6,2.2498171465e+02,2.2444049907e+02,2.2471355016e+02,2.2466677239e+02,-1.3007158526e-01,1.4975944386e-01
6,0,2,2.2471355016e+02,2.2466677239e+02,2.2441283819e+02,2.2496885277e+02,1.4975944386e-01,1.3796010847e+00
2,1,0,2.2441283819e+02,2.2496885277e+02,2.2390477573e+02,2.2522964861e+02,1.3796010847e+00,2.1172049903e+00
0,2,1,2.2390477573e+02,2.2522964861e+02,2.2422012839e+02,2.2507557376e+02,2.1172049903e+00,1.8373499407e+00
1,0,5,2.2422012839e+02,2.2507557376e+02,2.2461803942e+02,2.2492262458e+02,1.8373499407e+00,6.0746358144e-01
5,2,4,2.2461803942e+02,2.2492262458e+02,2.2437339649e+02,2.2516344108e+02,6.0746358144e-01,8.7493954263e-01
4,0,0,2.2437339649e+02,2.2516344108e+02,2.2403080040e+02,2.2538577636e+02,8.7493954263e-01,2.0837408013e+00
0,1,2,2.2403080040e+02,2.2538577636e+02,2.2453001288e+02,2.2510675531e+02,2.0837408013e+00,1.3460788823e+00
2,2,3,2.2453001288e+02,2.2510675531e+02,2.2484477589e+02,2.2496974416e+02,1.3460788823e+00,1.0786746772e+00
3,2,2,2.2484477589e+02,2.2496974416e+02,2.2452967768e+02,2.2510643823e+02,1.0786746772e+00,1.3460731110e+00
2,1,0,2.2452967768e+02,2.2510643823e+02,2.2403064308e+02,2.2538411861e+02,1.3460731110e+00,2.0836770166e+00
0,0,4,2.2403064308e+02,2.2538411861e+02,2.2437393027e+02,2.2516151513e+02,2.0836770166e+00,8.7491527823e-01
4,1,6,2.2437393027e+02,2.2516151513e+02,2.2466570535e+02,2.2460971655e+02,8.7491527823e-01,1.3407287473e-01
6,1,4,2.2466570535e+02,2.2460971655e+02,2.2437334178e+02,2.2516163757e+02,1.3407287473e-01,8.7485950728e-01
4,0,0,2.2437334178e+02,2.2516163757e+02,2.2403076349e+02,2.2538400026e+02,8.7485950728e-01,2.0836607660e+00
0,2,1,2.2403076349e+02,2.2538400026e+02,2.2434077138e+02,2.2521943581e+02,2.0836607660e+00,1.8038057164e+00
1,2,0,2.2434077138e+02,2.2521943581e+02,2.2402998929e+02,2.2538393147e+02,1.8038057164e+00,2.0838118881e+00
0,2,1,2.2402998929e+02,2.2538393147e+02,2.2434002205e+02,2.2521941387e+02,2.0838118881e+00,1.8039568386e+00
1,2,0,2.2434002205e+02,2.2521941387e+02,2.2402921510e+02,2.2538386257e+02,1.8039568386e+00,2.0839630103e+00
0,1,2,2.2402921510e+02,2.2538386257e+02,2.2452848957e+02,2.2510495246e+02,2.0839630103e+00,1.3463010913e+00
2,2,3,2.2452848957e+02,2.2510495246e+02,2.2484328302e+02,2.2496801125e+02,1.3463010913e+00,1.0788968862e+00
3,2,2,2.2484328302e+02,2.2496801125e+02,2.2452815443e+02,2.2510463530e+02,1.0788968862e+00,1.3462953200e+00
2,2,3,2.2452815443e+02,2.2510463530e+02,2.2484294710e+02,2.2496769227e+02,1.3462953200e+00,1.0788911149e+00
3,2,2,2.2484294710e+02,2.2496769227e+02,2.2452781930e+02,2.2510431814e+02,1.0788911149e+00,1.3462895486e+00
2,2,3,2.2452781930e+02,2.2510431814e+02,2.2484261117e+02,2.2496737330e+02,1.3462895486e+00,1.0788853435e+00
3,0,7,2.2484261117e+02,2.2496737330e+02,2.2517678790e+02,2.2473244376e+02,1.0788853435e+00,-1.2985497729e-01
7,1,5,2.2517678790e+02,2.2473244376e+02,2.2473188475e+02,2.2509131464e+02,-1.2985497729e-01,6.0772465091e-01
5,2,4,2.2473188475e+02,2.2509131464e+02,2.2448717896e+02,2.2533206727e+02,6.0772465091e-01,8.7520061210e-01
4,2,5,2.2448717896e+02,2.2533206727e+02,2.2473165878e+02,2.2509089577e+02,8.7520061210e-01,6.0782134322e-01
5,1,7,2.2473165878e+02,2.2509089577e+02,2.2517576744e+02,2.2473206129e+02,6.0782134322e-01,-1.2991133878e-01
7,2,6,2.2517576744e+02,2.2473206129e+02,2.2490756669e+02,2.2495829164e+02,-1.2991133878e-01,1.4991969034e-01
6,1,4,2.2490756669e+02,2.2495829164e+02,2.2460649400e+02,2.2550551052e+02,1.4991969034e-01,8.9070632289e-01
4,0,0,2.2460649400e+02,2.2550551052e+02,2.2426043513e+02,2.2572241675e+02,8.9070632289e-01,2.0995075816e+00
0,2,1,2.2426043513e+02,2.2572241675e+02,2.2457301182e+02,2.2556278539e+02,2.0995075816e+00,1.8196525320e+00
1,2,0,2.2457301182e+02,2.2556278539e+02,2.2425966212e+02,2.2572233570e+02,1.8196525320e+00,2.0996587038e+00
0,0,4,2.2425966212e+02,2.2572233570e+02,2.2460646290e+02,2.2550524671e+02,2.0996587038e+00,8.9089696536e-01
4,2,5,2.2460646290e+02,2.2550524671e+02,2.2485469796e+02,2.2526794221e+02,8.9089696536e-01,6.2351769648e-01
5,0,1,2.2485469796e+02,2.2526794221e+02,2.2445516970e+02,2.2541441829e+02,6.2351769648e-01,1.8533012343e+00
1,0,5,2.2445516970e+02,2.2541441829e+02,2.2485546974e+02,2.2526783549e+02,1.8533012343e+00,6.2341487498e-01
5,2,4,2.2485546974e+02,2.2526783549e+02,2.2460701676e+02,2.2550471916e+02,6.2341487498e-01,8.9089083617e-01
4,0,0,2.2460701676e+02,2.2550471916e+02,2.2426091787e+02,2.2572156153e+02,8.9089083617e-01,2.0996920949e+00
0,2,1,2.2426091787e+02,2.2572156153e+02,2.2457352401e+02,2.2556198785e+02,2.0996920949e+00,1.8198370453e+00
1,2,0,2.2457352401e+02,2.2556198785e+02,2.2426014487e+02,2.2572148034e+02,1.8198370453e+00,2.0998432170e+00
0,2,1,2.2426014487e+02,2.2572148034e+02,2.2457277512e+02,2.2556195390e+02,2.0998432170e+00,1.8199881675e+00
1,0,5,2.2457277512e+02,2.2556195390e+02,2.2496797085e+02,2.2540211968e+02,1.8199881675e+00,5.9010180818e-01
5,0,1,2.2496797085e+02,2.2540211968e+02,2.2457355934e+02,2.2556186210e+02,5.9010180818e-01,1.8198853460e+00
1,0,5,2.2457355934e+02,2.2556186210e+02,2.2496873863e+02,2.2540198724e+02,1.8198853460e+00,5.8999898668e-01
5,1,7,2.2496873863e+02,2.2540198724e+02,2.2540638183e+02,2.2503529510e+02,5.8999898668e-01,-1.4773369532e-01
7,2,6,2.2540638183e+02,2.2503529510e+02,2.2514225542e+02,2.2526626924e+02,-1.4773369532e-01,1.3209733380e-01
6,0,2,2.2514225542e+02,2.2526626924e+02,2.2484692544e+02,2.2557361343e+02,1.3209733380e-01,1.3619389746e+00
2,1,0,2.2484692544e+02,2.2557361343e+02,2.2434354820e+02,2.2584334158e+02,1.3619389746e+00,2.0995428802e+00
0,2,1,2.2434354820e+02,2.2584334158e+02,2.2465613052e+02,2.2568372126e+02,2.0995428802e+00,1.8196878307e+00
1,2,0,2.2465613052e+02,2.2568372126e+02,2.2434277519e+02,2.2584326051e+02,1.8196878307e+00,2.0996940024e+00
0,2,1,2.2434277519e+02,2.2584326051e+02,2.2465538163e+02,2.2568368743e+02,2.0996940024e+00,1.8198389528e+00
1,1,3,2.2465538163e+02,2.2568368743e+02,2.2527611162e+02,2.2561903537e+02,1.8198389528e+00,1.0792057300e+00
3,0,7,2.2527611162e+02,2.2561903537e+02,2.2561036360e+02,2.2538421290e+02,1.0792057300e+00,-1.2953459079e-01
7,0,3,2.2561036360e+02,2.2538421290e+02,2.2527591360e+02,2.2561925274e+02,-1.2953459079e-01,1.0792937512e+00
3,0,7,2.2527591360e+02,2.2561925274e+02,2.2561018625e+02,2.2538445969e+02,1.0792937512e+00,-1.2944656959e-01
7,0,3,2.2561018625e+02,2.2538445969e+02,2.2527571556e+02,2.2561947009e+02,-1.2944656959e-01,1.0793817724e+00
3,2,2,2.2527571556e+02,2.2561947009e+02,2.2496052076e+02,2.2575594132e+02,1.0793817724e+00,1.3467802062e+00
2,2,3,2.2496052076e+02,2.2575594132e+02,2.2527537979e+02,2.2561915095e+02,1.3467802062e+00,1.0793760010e+00
3,0,7,2.2527537979e+02,2.2561915095e+02,2.2560967175e+02,2.2538438540e+02,1.0793760010e+00,-1.2936431975e-01
7,0,3,2.2560967175e+02,2.2538438540e+02,2.2527518173e+02,2.2561936828e+02,-1.2936431975e-01,1.0794640222e+00
3,0,7,2.2527518173e+02,2.2561936828e+02,2.2560949435e+02,2.2538463215e+02,1.0794640222e+00,-1.2927629855e-01
7,1,5,2.2560949435e+02,2.2538463215e+02,2.2516438361e+02,2.2574324552e+02,-1.2927629855e-01,6.0830332965e-01
5,2,4,2.2516438361e+02,2.2574324552e+02,2.2491953854e+02,2.2598385651e+02,6.0830332965e-01,8.7577929084e-01
4,0,0,2.2491953854e+02,2.2598385651e+02,2.2457675586e+02,2.2620590401e+02,8.7577929084e-01,2.0845805495e+00
0,0,4,2.2457675586e+02,2.2620590401e+02,2.2492024405e+02,2.2598361078e+02,2.0845805495e+00,8.7581881114e-01
4,1,6,2.2492024405e+02,2.2598361078e+02,2.2521251757e+02,2.2543207606e+02,8.7581881114e-01,1.3497640764e-01
6,0,2,2.2521251757e+02,2.2543207606e+02,2.2491630396e+02,2.2573856870e+02,1.3497640764e-01,1.3648180484e+00
2,2,3,2.2491630396e+02,2.2573856870e+02,2.2523357903e+02,2.2560747965e+02,1.3648180484e+00,1.0974138433e+00
3,1,1,2.2523357903e+02,2.2560747965e+02,2.2461179947e+02,2.2566046243e+02,1.0974138433e+00,1.8381335716e+00
1,1,3,2.2461179947e+02,2.2566046243e+02,2.2523360831e+02,2.2560717658e+02,1.8381335716e+00,1.0975003488e+00
3,1,1,2.2523360831e+02,2.2560717658e+02,2.2461182416e+02,2.2566010557e+02,1.0975003488e+00,1.8382200770e+00
1,0,5,2.2461182416e+02,2.2566010557e+02,2.2500986813e+02,2.2550750268e+02,1.8382200770e+00,6.0833371773e-01
5,0,1,2.2500986813e+02,2.2550750268e+02,2.2461260993e+02,2.2566002807e+02,6.0833371773e-01,1.8381172555e+00
1,0,5,2.2461260993e+02,2.2566002807e+02,2.2501063821e+02,2.2550738426e+02,1.8381172555e+00,6.0823089623e-01
5,1,7,2.2501063821e+02,2.2550738426e+02,2.2545489379e+02,2.2514873170e+02,6.0823089623e-01,-1.2950178577e-01
7,1,5,2.2545489379e+02,2.2514873170e+02,2.2500986392e+02,2.2550744543e+02,-1.2950178577e-01,6.0807784243e-01
5,2,4,2.2500986392e+02,2.2550744543e+02,2.2476507311e+02,2.2574811161e+02,6.0807784243e-01,8.7555380362e-01
4,1,6,2.2476507311e+02,2.2574811161e+02,2.2505720047e+02,2.2519649946e+02,8.7555380362e-01,1.3471140012e-01
6,0,2,2.2505720047e+02,2.2519649946e+02,2.2476106808e+02,2.2550307058e+02,1.3471140012e-01,1.3645530409e+00
2,0,6,2.2476106808e+02,2.2550307058e+02,2.2505731724e+02,2.2519705329e+02,1.3645530409e+00,1.3481521012e-01
6,1,4,2.2505731724e+02,2.2519705329e+02,2.2476454404e+02,2.2574875712e+02,1.3481521012e-01,8.7560184267e-01
4,2,5,2.2476454404e+02,2.2574875712e+02,2.2500912060e+02,2.2550768373e+02,8.7560184267e-01,6.0822257379e-01
5,1,7,2.2500912060e+02,2.2550768373e+02,2.2545337320e+02,2.2514902747e+02,6.0822257379e-01,-1.2951010821e-01
7,1,5,2.2545337320e+02,2.2514902747e+02,2.2500834632e+02,2.2550774490e+02,-1.2951010821e-01,6.0806951999e-01
5,1,7,2.2500834632e+02,2.2550774490e+02,2.2545254402e+02,2.2514902065e+02,6.0806951999e-01,-1.2966316201e-01
7,0,3,2.2545254402e+02,2.2514902065e+02,2.2511812424e+02,2.2538410348e+02,-1.2966316201e-01,1.0791651800e+00
3,0,7,2.2511812424e+02,2.2538410348e+02,2.2545236670e+02,2.2514926746e+02,1.0791651800e+00,-1.2957514081e-01
7,0,3,2.2545236670e+02,2.2514926746e+02,2.2511792623e+02,2.2538432086e+02,-1.2957514081e-01,1.0792532012e+00
3,1,1,2.2511792623e+02,2.2538432086e+02,2.2449721135e+02,2.2544858619e+02,1.0792532012e+00,1.8199729295e+00
1,2,0,2.2449721135e+02,2.2544858619e+02,2.2418381054e+02,2.2560803610e+02,1.8199729295e+00,2.0999791012e+00
0,1,2,2.2418381054e+02,2.2560803610e+02,2.2468748784e+02,2.2533715784e+02,2.0999791012e+00,1.3623171822e+00
2,1,0,2.2468748784e+02,2.2533715784e+02,2.2418400862e+02,2.2560669559e+02,1.3623171822e+00,2.0999210878e+00
0,0,4,2.2418400862e+02,2.2560669559e+02,2.2453086635e+02,2.2538969761e+02,2.0999210878e+00,8.9115934945e-01
4,0,0,2.2453086635e+02,2.2538969761e+02,2.2418470925e+02,2.2560644704e+02,8.9115934945e-01,2.0999606081e+00
0,1,2,2.2418470925e+02,2.2560644704e+02,2.2468838153e+02,2.2533555947e+02,2.0999606081e+00,1.3622986892e+00
2,2,3,2.2468838153e+02,2.2533555947e+02,2.2500532534e+02,2.2520367151e+02,1.3622986892e+00,1.0948944841e+00
3,0,7,2.2500532534e+02,2.2520367151e+02,2.2534322011e+02,2.2497412172e+02,1.0948944841e+00,-1.1384583674e-01
7,2,6,2.2534322011e+02,2.2497412172e+02,2.2507141962e+02,2.2519601428e+02,-1.1384583674e-01,1.6598519238e-01
6,2,7,2.2507141962e+02,2.2519601428e+02,2.2534331002e+02,2.2497346545e+02,1.6598519238e-01,-1.1389683057e-01
7,1,5,2.2534331002e+02,2.2497346545e+02,2.2489273685e+02,2.2532519112e+02,-1.1389683057e-01,6.2368279763e-01
5,1,7,2.2489273685e+02,2.2532519112e+02,2.2534248104e+02,2.2497344569e+02,6.2368279763e-01,-1.1404988437e-01
7,1,5,2.2534248104e+02,2.2497344569e+02,2.2489196171e+02,2.2532524031e+02,-1.1404988437e-01,6.2352974383e-01
5,2,4,2.2489196171e+02,2.2532524031e+02,2.2464348152e+02,2.2556209543e+02,6.2352974383e-01,8.9100570502e-01
4,0,0,2.2464348152e+02,2.2556209543e+02,2.2429735773e+02,2.2577889804e+02,8.9100570502e-01,2.0998069637e+00
0,0,4,2.2429735773e+02,2.2577889804e+02,2.2464419069e+02,2.2556186048e+02,2.0998069637e+00,8.9104522532e-01
4,1,6,2.2464419069e+02,2.2556186048e+02,2.2494482791e+02,2.2501483980e+02,8.9104522532e-01,1.5020282182e-01
6,0,2,2.2494482791e+02,2.2501483980e+02,2.2464398203e+02,2.2531678681e+02,1.5020282182e-01,1.3800444626e+00
2,2,3,2.2464398203e+02,2.2531678681e+02,2.2496321626e+02,2.2519054373e+02,1.3800444626e+00,1.1126402575e+00
3,2,2,2.2496321626e+02,2.2519054373e+02,2.2464365778e+02,2.2531645853e+02,1.1126402575e+00,1.3800386913e+00
2,0,6,2.2464365778e+02,2.2531645853e+02,2.2494461011e+02,2.2501506535e+02,1.3800386913e+00,1.5030086046e-01
6,2,7,2.2494461011e+02,2.2501506535e+02,2.2521297668e+02,2.2478827964e+02,1.5030086046e-01,-1.2958116249e-01
7,2,6,2.2521297668e+02,2.2478827964e+02,2.2494470125e+02,2.2501442143e+02,-1.2958116249e-01,1.5024986663e-01
6,2,7,2.2494470125e+02,2.2501442143e+02,2.2521305625e+02,2.2478762204e+02,1.5024986663e-01,-1.2963215632e-01
7,1,5,2.2521305625e+02,2.2478762204e+02,2.2476807315e+02,2.2514639378e+02,-1.2963215632e-01,6.0794747188e-01
5,1,7,2.2476807315e+02,2.2514639378e+02,2.2521222707e+02,2.2478761532e+02,6.0794747188e-01,-1.2978521012e-01
7,0,3,2.2521222707e+02,2.2478761532e+02,2.2487783598e+02,2.2502273897e+02,-1.2978521012e-01,1.0790431319e+00
3,0,7,2.2487783598e+02,2.2502273897e+02,2.2521204978e+02,2.2478786215e+02,1.0790431319e+00,-1.2969718892e-01
7,0,3,2.2521204978e+02,2.2478786215e+02,2.2487763799e+02,2.2502295637e+02,-1.2969718892e-01,1.0791311531e+00
3,2,2,2.2487763799e+02,2.2502295637e+02,2.2456247741e+02,2.2515950659e+02,1.0791311531e+00,1.3465295868e+00
2,2,3,2.2456247741e+02,2.2515950659e+02,2.2487730215e+02,2.2502263731e+02,1.3465295868e+00,1.0791253817e+00
3,1,1,2.2487730215e+02,2.2502263731e+02,2.2425659549e+02,2.2508698199e+02,1.0791253817e+00,1.8198451100e+00
1,1,3,2.2425659549e+02,2.2508698199e+02,2.2487732587e+02,2.2502233375e+02,1.8198451100e+00,1.0792118871e+00
3,0,7,2.2487732587e+02,2.2502233375e+02,2.2521157930e+02,2.2478751334e+02,1.0792118871e+00,-1.2952843365e-01
7,0,3,2.2521157930e+02,2.2478751334e+02,2.2487712785e+02,2.2502255112e+02,-1.2952843365e-01,1.0792999083e+00
3,2,2,2.2487712785e+02,2.2502255112e+02,2.2456194423e+02,2.2515904815e+02,1.0792999083e+00,1.3466983421e+00
2,1,0,2.2456194423e+02,2.2515904815e+02,2.2406273612e+02,2.2543641647e+02,1.3466983421e+00,2.0843022477e+00
0,1,2,2.2406273612e+02,2.2543641647e+02,2.2456210517e+02,2.2515767575e+02,2.0843022477e+00,1.3466403288e+00
2,2,3,2.2456210517e+02,2.2515767575e+02,2.2487694506e+02,2.2502084134e+02,1.3466403288e+00,1.0792361236e+00
3,0,7,2.2487694506e+02,2.2502084134e+02,2.2521120418e+02,2.2478602903e+02,1.0792361236e+00,-1.2950419715e-01
7,1,5,2.2521120418e+02,2.2478602903e+02,2.2476617518e+02,2.2514474383e+02,-1.2950419715e-01,6.0807543105e-01
5,1,7,2.2476617518e+02,2.2514474383e+02,2.2521037500e+02,2.2478602221e+02,6.0807543105e-01,-1.2965725095e-01
7,1,5,2.2521037500e+02,2.2478602221e+02,2.2476540090e+02,2.2514480512e+02,-1.2965725095e-01,6.0792237725e-01
5,1,7,2.2476540090e+02,2.2514480512e+02,2.2520954581e+02,2.2478601551e+02,6.0792237725e-01,-1.2981030475e-01
7,1,5,2.2520954581e+02,2.2478601551e+02,2.2476462664e+02,2.2514486652e+02,-1.2981030475e-01,6.0776932345e-01
5,2,4,2.2476462664e+02,2.2514486652e+02,2.2451991009e+02,2.2538560822e+02,6.0776932345e-01,8.7524528464e-01
4,2,5,2.2451991009e+02,2.2538560822e+02,2.2476440068e+02,2.2514444764e+02,8.7524528464e-01,6.0786601576e-01
5,2,4,2.2476440068e+02,2.2514444764e+02,2.2451966085e+02,2.2538516567e+02,6.0786601576e-01,8.7534197695e-01
4,0,0,2.2451966085e+02,2.2538516567e+02,2.2417697532e+02,2.2560736306e+02,8.7534197695e-01,2.0841432356e+00
0,1,2,2.2417697532e+02,2.2560736306e+02,2.2467630005e+02,2.2532854293e+02,2.0841432356e+00,1.3464813167e+00
2,2,3,2.2467630005e+02,2.2532854293e+02,2.2499111817e+02,2.2519165846e+02,1.3464813167e+00,1.0790771116e+00
3,1,1,2.2499111817e+02,2.2519165846e+02,2.2437041462e+02,2.2525603310e+02,1.0790771116e+00,1.8197968398e+00
1,1,3,2.2437041462e+02,2.2525603310e+02,2.2499114189e+02,2.2519135490e+02,1.8197968398e+00,1.0791636170e+00
3,1,1,2.2499114189e+02,2.2519135490e+02,2.2437043277e+02,2.2525567584e+02,1.0791636170e+00,1.8198833453e+00
1,1,3,2.2437043277e+02,2.2525567584e+02,2.2499116563e+02,2.2519105134e+02,1.8198833453e+00,1.0792501224e+00
3,0,7,2.2499116563e+02,2.2519105134e+02,2.2532542803e+02,2.2495624372e+02,1.0792501224e+00,-1.2949019838e-01
7,2,6,2.2532542803e+02,2.2495624372e+02,2.2505713203e+02,2.2518236109e+02,-1.2949019838e-01,1.5034083074e-01
6,2,7,2.2505713203e+02,2.2518236109e+02,2.2532550767e+02,2.2495558612e+02,1.5034083074e-01,-1.2954119221e-01
7,0,3,2.2532550767e+02,2.2495558612e+02,2.2499105921e+02,2.2519062816e+02,-1.2954119221e-01,1.0792871498e+00
3,1,1,2.2499105921e+02,2.2519062816e+02,2.2437034215e+02,2.2525487242e+02,1.0792871498e+00,1.8200068781e+00
1,1,3,2.2437034215e+02,2.2525487242e+02,2.2499108299e+02,2.2519032461e+02,1.8200068781e+00,1.0793736552e+00
3,0,7,2.2499108299e+02,2.2519032461e+02,2.2532537440e+02,2.2495555827e+02,1.0793736552e+00,-1.2936666558e-01
7,0,3,2.2532537440e+02,2.2495555827e+02,2.2499088493e+02,2.2519054194e+02,-1.2936666558e-01,1.0794616764e+00
3,0,7,2.2499088493e+02,2.2519054194e+02,2.2532519700e+02,2.2495580503e+02,1.0794616764e+00,-1.2927864438e-01
7,2,6,2.2532519700e+02,2.2495580503e+02,2.2505685318e+02,2.2518186564e+02,-1.2927864438e-01,1.5055238474e-01
6,1,4,2.2505685318e+02,2.2518186564e+02,2.2475543433e+02,2.2572889393e+02,1.5055238474e-01,8.9133901729e-01
4,2,5,2.2475543433e+02,2.2572889393e+02,2.2500377426e+02,2.2549169918e+02,8.9133901729e-01,6.2395974841e-01
5,1,7,2.2500377426e+02,2.2549169918e+02,2.2545361585e+02,2.2514007832e+02,6.2395974841e-01,-1.1377293359e-01
7,2,6,2.2545361585e+02,2.2514007832e+02,2.2518179919e+02,2.2536195106e+02,-1.1377293359e-01,1.6605809553e-01
6,0,2,2.2518179919e+02,2.2536195106e+02,2.2487620387e+02,2.2565909033e+02,1.6605809553e-01,1.3958997363e+00
2,2,3,2.2487620387e+02,2.2565909033e+02,2.2519739952e+02,2.2553792445e+02,1.3958997363e+00,1.1284955312e+00
3,0,7,2.2519739952e+02,2.2553792445e+02,2.2554281522e+02,2.2531985572e+02,1.1284955312e+00,-8.0244789580e-02
7,1,5,2.2554281522e+02,2.2531985572e+02,2.2508066310e+02,2.2565622240e+02,-8.0244789580e-02,6.5733483862e-01
5,1,7,2.2508066310e+02,2.2565622240e+02,2.2554198738e+02,2.2531980807e+02,6.5733483862e-01,-8.0397843380e-02
7,1,5,2.2554198738e+02,2.2531980807e+02,2.2507988675e+02,2.2565624548e+02,-8.0397843380e-02,6.5718178482e-01
5,0,1,2.2507988675e+02,2.2565624548e+02,2.2467565480e+02,2.2578919136e+02,6.5718178482e-01,1.8869653226e+00
1,0,5,2.2467565480e+02,2.2578919136e+02,2.2508066169e+02,2.2565616481e+02,1.8869653226e+00,6.5707896332e-01
5,0,1,2.2508066169e+02,2.2565616481e+02,2.2467644341e+02,2.2578915225e+02,6.5707896332e-01,1.8868625011e+00
1,0,5,2.2467644341e+02,2.2578915225e+02,2.2508143662e+02,2.2565608405e+02,1.8868625011e+00,6.5697614182e-01
5,0,1,2.2508143662e+02,2.2565608405e+02,2.2467723202e+02,2.2578911305e+02,6.5697614182e-01,1.8867596796e+00
1,0,5,2.2467723202e+02,2.2578911305e+02,2.2508221154e+02,2.2565600322e+02,1.8867596796e+00,6.5687332032e-01
5,1,7,2.2508221154e+02,2.2565600322e+02,2.2554338050e+02,2.2531937602e+02,6.5687332032e-01,-8.0859361680e-02
7,0,3,2.2554338050e+02,2.2531937602e+02,2.2519789052e+02,2.2553786446e+02,-8.0859361680e-02,1.1279689803e+00
3,2,2,2.2519789052e+02,2.2553786446e+02,2.2487643955e+02,2.2565886623e+02,1.1279689803e+00,1.3953674141e+00
2,2,3,2.2487643955e+02,2.2565886623e+02,2.2519757065e+02,2.2553752940e+02,1.3953674141e+00,1.1279632090e+00
3,1,1,2.2519757065e+02,2.2553752940e+02,2.2457446287e+02,2.2557149543e+02,1.1279632090e+00,1.8686829372e+00
1,1,3,2.2457446287e+02,2.2557149543e+02,2.2519760917e+02,2.2553722736e+02,1.8686829372e+00,1.1280497144e+00
3,1,1,2.2519760917e+02,2.2553722736e+02,2.2457449845e+02,2.2557113949e+02,1.1280497144e+00,1.8687694427e+00
1,2,0,2.2457449845e+02,2.2557113949e+02,2.2425369319e+02,2.2571511281e+02,1.8687694427e+00,2.1487756144e+00
0,1,2,2.2425369319e+02,2.2571511281e+02,2.2476998362e+02,2.2546912493e+02,2.1487756144e+00,1.4111136954e+00
2,1,0,2.2476998362e+02,2.2546912493e+02,2.2425395641e+02,2.2571378356e+02,1.4111136954e+00,2.1487176010e+00
0,0,4,2.2425395641e+02,2.2571378356e+02,2.2461098581e+02,2.2551396261e+02,2.1487176010e+00,9.3995586265e-01
4,1,6,2.2461098581e+02,2.2551396261e+02,2.2493800797e+02,2.2498229460e+02,9.3995586265e-01,1.9911345915e-01
6,2,7,2.2493800797e+02,2.2498229460e+02,2.2521712049e+02,2.2476887349e+02,1.9911345915e-01,-8.0768563800e-02
7,1,5,2.2521712049e+02,2.2476887349e+02,2.2475514461e+02,2.2510548218e+02,-8.0768563800e-02,6.5681106440e-01
5,1,7,2.2475514461e+02,2.2510548218e+02,2.2521629262e+02,2.2476882627e+02,6.5681106440e-01,-8.0921617600e-02
7,0,3,2.2521629262e+02,2.2476882627e+02,2.2487081624e+02,2.2498733623e+02,-8.0921617600e-02,1.1279067244e+00
3,0,7,2.2487081624e+02,2.2498733623e+02,2.2521610348e+02,2.2476906415e+02,1.1279067244e+00,-8.0833596400e-02
7,1,5,2.2521610348e+02,2.2476906415e+02,2.2475414950e+02,2.2510570289e+02,-8.0833596400e-02,6.5674603180e-01
5,1,7,2.2475414950e+02,2.2510570289e+02,2.2521527562e+02,2.2476901699e+02,6.5674603180e-01,-8.0986650200e-02
7,2,6,2.2521527562e+02,2.2476901699e+02,2.2493633196e+02,2.2498186024e+02,-8.0986650200e-02,1.9884437892e-01
6,1,4,2.2493633196e+02,2.2498186024e+02,2.2460885769e+02,2.2551370032e+02,1.9884437892e-01,9.3963101147e-01
4,2,5,2.2460885769e+02,2.2551370032e+02,2.2486835826e+02,2.2528877027e+02,9.3963101147e-01,6.7225174259e-01
5,2,4,2.2486835826e+02,2.2528877027e+02,2.2460863744e+02,2.2551324266e+02,6.7225174259e-01,9.3972770378e-01
4,1,6,2.2460863744e+02,2.2551324266e+02,2.2493553828e+02,2.2498150005e+02,9.3972770378e-01,1.9888530028e-01
6,2,7,2.2493553828e+02,2.2498150005e+02,2.2521460210e+02,2.2476801526e+02,1.9888530028e-01,-8.0996722670e-02
7,2,6,2.2521460210e+02,2.2476801526e+02,2.2493566059e+02,2.2498086131e+02,-8.0996722670e-02,1.9883430645e-01
6,0,2,2.2493566059e+02,2.2498086131e+02,2.2462049204e+02,2.2526782653e+02,1.9883430645e-01,1.4286759472e+00
2,1,0,2.2462049204e+02,2.2526782653e+02,2.2410024788e+02,2.2550338530e+02,1.4286759472e+00,2.1662798529e+00
0,1,2,2.2410024788e+02,2.2550338530e+02,2.2462076483e+02,2.2526647191e+02,2.1662798529e+00,1.4286179339e+00
2,1,0,2.2462076483e+02,2.2526647191e+02,2.2410053433e+02,2.2550206087e+02,1.4286179339e+00,2.1662218395e+00
0,2,1,2.2410053433e+02,2.2550206087e+02,2.2442305746e+02,2.2536362248e+02,2.1662218395e+00,1.8863667900e+00
1,1,3,2.2442305746e+02,2.2536362248e+02,2.2504671228e+02,2.2534037881e+02,1.8863667900e+00,1.1457335671e+00
3,1,1,2.2504671228e+02,2.2534037881e+02,2.2442309933e+02,2.2536326722e+02,1.1457335671e+00,1.8864532954e+00
1,1,3,2.2442309933e+02,2.2536326722e+02,2.2504675617e+02,2.2534007751e+02,1.8864532954e+00,1.1458200726e+00
3,2,2,2.2504675617e+02,2.2534007751e+02,2.2472319651e+02,2.2545532205e+02,1.1458200726e+00,1.4132185063e+00
2,0,6,2.2472319651e+02,2.2545532205e+02,2.2503398153e+02,2.2516407847e+02,1.4132185063e+00,1.8348067553e-01
6,1,4,2.2503398153e+02,2.2516407847e+02,2.2471471662e+02,2.2570088680e+02,1.8348067553e-01,9.2426730808e-01
4,0,0,2.2471471662e+02,2.2570088680e+02,2.2436157440e+02,2.2590605899e+02,9.2426730808e-01,2.1330685668e+00
0,1,2,2.2436157440e+02,2.2590605899e+02,2.2487393756e+02,2.2565199239e+02,2.1330685668e+00,1.3954066478e+00
2,1,0,2.2487393756e+02,2.2565199239e+02,2.2436181672e+02,2.2590472577e+02,1.3954066478e+00,2.1330105534e+00
0,2,1,2.2436181672e+02,2.2590472577e+02,2.2467956512e+02,2.2575565429e+02,2.1330105534e+00,1.8531555039e+00
1,0,5,2.2467956512e+02,2.2575565429e+02,2.2507984380e+02,2.2560901316e+02,1.8531555039e+00,6.2326914458e-01
5,2,4,2.2507984380e+02,2.2560901316e+02,2.2483142534e+02,2.2584593303e+02,6.2326914458e-01,8.9074510577e-01
4,0,0,2.2483142534e+02,2.2584593303e+02,2.2448535806e+02,2.2606282583e+02,8.9074510577e-01,2.0995463645e+00
0,2,1,2.2448535806e+02,2.2606282583e+02,2.2479794093e+02,2.2590320660e+02,2.0995463645e+00,1.8196913149e+00
1,0,5,2.2479794093e+02,2.2590320660e+02,2.2519308920e+02,2.2574325507e+02,1.8196913149e+00,5.8980495561e-01
5,2,4,2.2519308920e+02,2.2574325507e+02,2.2495273667e+02,2.2598835386e+02,5.8980495561e-01,8.5728091680e-01
4,0,0,2.2495273667e+02,2.2598835386e+02,2.2461411993e+02,2.2621670394e+02,8.5728091680e-01,2.0660821755e+00
0,0,4,2.2461411993e+02,2.2621670394e+02,2.2495343752e+02,2.2598809513e+02,2.0660821755e+00,8.5732043710e-01
4,0,0,2.2495343752e+02,2.2598809513e+02,2.2461481175e+02,2.2621643182e+02,8.5732043710e-01,2.0661216958e+00
0,0,4,2.2461481175e+02,2.2621643182e+02,2.2495413837e+02,2.2598783643e+02,2.0661216958e+00,8.5735995740e-01
4,1,6,2.2495413837e+02,2.2598783643e+02,2.2523618198e+02,2.2543100094e+02,8.5735995740e-01,1.1651755390e-01
6,2,7,2.2523618198e+02,2.2543100094e+02,2.2549673531e+02,2.2519528005e+02,1.1651755390e-01,-1.6336446905e-01
7,0,3,2.2549673531e+02,2.2519528005e+02,2.2517042652e+02,2.2544149765e+02,-1.6336446905e-01,1.0454638729e+00
3,0,7,2.2517042652e+02,2.2544149765e+02,2.2549656640e+02,2.2519553270e+02,1.0454638729e+00,-1.6327644785e-01
7,1,5,2.2549656640e+02,2.2519553270e+02,2.2506390347e+02,2.2556906973e+02,-1.6327644785e-01,5.7430318035e-01
5,2,4,2.2506390347e+02,2.2556906973e+02,2.2482737914e+02,2.2581786481e+02,5.7430318035e-01,8.4177914154e-01
4,1,6,2.2482737914e+02,2.2581786481e+02,2.2510071292e+02,2.2525670262e+02,8.4177914154e-01,1.0093673804e-01
6,0,2,2.2510071292e+02,2.2525670262e+02,2.2481510179e+02,2.2557309878e+02,1.0093673804e-01,1.3307783788e+00
2,0,6,2.2481510179e+02,2.2557309878e+02,2.2510084833e+02,2.2525725219e+02,1.3307783788e+00,1.0104054804e-01
6,0,2,2.2510084833e+02,2.2525725219e+02,2.2481520436e+02,2.2557361869e+02,1.0104054804e-01,1.3308821888e+00
2,0,6,2.2481520436e+02,2.2557361869e+02,2.2510098368e+02,2.2525780177e+02,1.3308821888e+00,1.0114435804e-01
6,0,2,2.2510098368e+02,2.2525780177e+02,2.2481530687e+02,2.2557413862e+02,1.0114435804e-01,1.3309859988e+00
2,1,0,2.2481530687e+02,2.2557413862e+02,2.2432051831e+02,2.2585931611e+02,1.3309859988e+00,2.0685899045e+00
0,0,4,2.2432051831e+02,2.2585931611e+02,2.2466040811e+02,2.2563155894e+02,2.0685899045e+00,8.5982816608e-01
4,2,5,2.2466040811e+02,2.2563155894e+02,2.2490115179e+02,2.2538665783e+02,8.5982816608e-01,5.9244889720e-01
5,2,4,2.2490115179e+02,2.2538665783e+02,2.2466015208e+02,2.2563112029e+02,5.9244889720e-01,8.5992485839e-01
4,2,5,2.2466015208e+02,2.2563112029e+02,2.2490091944e+02,2.2538624246e+02,8.5992485839e-01,5.9254558951e-01
5,0,1,2.2490091944e+02,2.2538624246e+02,2.2450611874e+02,2.2554502054e+02,5.9254558951e-01,1.8223291273e+00
1,0,5,2.2450611874e+02,2.2554502054e+02,2.2490168755e+02,2.2538611190e+02,1.8223291273e+00,5.9244276801e-01
5,2,4,2.2490168755e+02,2.2538611190e+02,2.2466068934e+02,2.2563057583e+02,5.9244276801e-01,8.5991872920e-01
4,0,0,2.2466068934e+02,2.2563057583e+02,2.2432147143e+02,2.2585803191e+02,8.5991872920e-01,2.0687199879e+00
0,2,1,2.2432147143e+02,2.2585803191e+02,2.2462898610e+02,2.2568885424e+02,2.0687199879e+00,1.7888649383e+00
1,2,0,2.2462898610e+02,2.2568885424e+02,2.2432069629e+02,2.2585797469e+02,1.7888649383e+00,2.0688711101e+00
0,0,4,2.2432069629e+02,2.2585797469e+02,2.2466065013e+02,2.2563031311e+02,2.0688711101e+00,8.6010937167e-01
4,1,6,2.2466065013e+02,2.2563031311e+02,2.2494422365e+02,2.2507425518e+02,8.6010937167e-01,1.1926696817e-01
6,1,4,2.2494422365e+02,2.2507425518e+02,2.2466006351e+02,2.2563044425e+02,1.1926696817e-01,8.6005360072e-01
4,1,6,2.2466006351e+02,2.2563044425e+02,2.2494360602e+02,2.2507437051e+02,8.6005360072e-01,1.1921119722e-01
6,0,2,2.2494360602e+02,2.2507437051e+02,2.2465226093e+02,2.2538549474e+02,1.1921119722e-01,1.3490528380e+00
2,0,6,2.2465226093e+02,2.2538549474e+02,2.2494373137e+02,2.2507492246e+02,1.3490528380e+00,1.1931500722e-01
6,1,4,2.2494373137e+02,2.2507492246e+02,2.2465954451e+02,2.2563109788e+02,1.1931500722e-01,8.6010163977e-01
4,0,0,2.2465954451e+02,2.2563109788e+02,2.2432028501e+02,2.2585849190e+02,8.6010163977e-01,2.0689028985e+00
0,0,4,2.2432028501e+02,2.2585849190e+02,2.2466024609e+02,2.2563084113e+02,2.0689028985e+00,8.6014116007e-01
4,1,6,2.2466024609e+02,2.2563084113e+02,2.2494383728e+02,2.2507479221e+02,8.6014116007e-01,1.1929875657e-01
6,2,7,2.2494383728e+02,2.2507479221e+02,2.2520504518e+02,2.2483979689e+02,1.1929875657e-01,-1.6058326638e-01
7,2,6,2.2520504518e+02,2.2483979689e+02,2.2494390841e+02,2.2507414578e+02,-1.6058326638e-01,1.1924776274e-01
6,0,2,2.2494390841e+02,2.2507414578e+02,2.2465255195e+02,2.2538525935e+02,1.1924776274e-01,1.3490894035e+00
2,2,3,2.2465255195e+02,2.2538525935e+02,2.2496772601e+02,2.2524919641e+02,1.3490894035e+00,1.0816851984e+00
3,1,1,2.2496772601e+02,2.2524919641e+02,2.2434685668e+02,2.2531195198e+02,1.0816851984e+00,1.8224049267e+00
1,1,3,2.2434685668e+02,2.2531195198e+02,2.2496775052e+02,2.2524889292e+02,1.8224049267e+00,1.0817717039e+00
3,2,2,2.2496775052e+02,2.2524889292e+02,2.2465223047e+02,2.2538461047e+02,1.0817717039e+00,1.3491701376e+00
2,1,0,2.2465223047e+02,2.2538461047e+02,2.2415233828e+02,2.2566074400e+02,1.3491701376e+00,2.0867740432e+00
0,2,1,2.2415233828e+02,2.2566074400e+02,2.2446285701e+02,2.2549714549e+02,2.0867740432e+00,1.8069189937e+00
1,2,0,2.2446285701e+02,2.2549714549e+02,2.2415156430e+02,2.2566067280e+02,1.8069189937e+00,2.0869251654e+00
0,1,2,2.2415156430e+02,2.2566067280e+02,2.2465166275e+02,2.2538324284e+02,2.0869251654e+00,1.3492632464e+00
2,2,3,2.2465166275e+02,2.2538324284e+02,2.2496686047e+02,2.2524723470e+02,1.3492632464e+00,1.0818590413e+00
3,0,7,2.2496686047e+02,2.2524723470e+02,2.2530173433e+02,2.2501329993e+02,1.0818590413e+00,-1.2688127947e-01
7,0,3,2.2530173433e+02,2.2501329993e+02,2.2496666187e+02,2.2524745154e+02,-1.2688127947e-01,1.0819470625e+00
3,2,2,2.2496666187e+02,2.2524745154e+02,2.2465111802e+02,2.2538311376e+02,1.0819470625e+00,1.3493454963e+00
2,1,0,2.2465111802e+02,2.2538311376e+02,2.2415117742e+02,2.2565915963e+02,1.3493454963e+00,2.0869494019e+00
0,1,2,2.2415117742e+02,2.2565915963e+02,2.2465128260e+02,2.2538174179e+02,2.0869494019e+00,1.3492874829e+00
2,2,3,2.2465128260e+02,2.2538174179e+02,2.2496648361e+02,2.2524574128e+02,1.3492874829e+00,1.0818832778e+00
3,2,2,2.2496648361e+02,2.2524574128e+02,2.2465094841e+02,2.2538142363e+02,1.0818832778e+00,1.3492817116e+00
2,1,0,2.2465094841e+02,2.2538142363e+02,2.2415102542e+02,2.2565750139e+02,1.3492817116e+00,2.0868856172e+00
0,0,4,2.2415102542e+02,2.2565750139e+02,2.2449502509e+02,2.2543600051e+02,2.0868856172e+00,8.7812387882e-01
4,2,5,2.2449502509e+02,2.2543600051e+02,2.2474020887e+02,2.2519554472e+02,8.7812387882e-01,6.1074460994e-01
5,0,1,2.2474020887e+02,2.2519554472e+02,2.2434258410e+02,2.2534711192e+02,6.1074460994e-01,1.8405281477e+00
1,2,0,2.2434258410e+02,2.2534711192e+02,2.2402597221e+02,2.2550008658e+02,1.8405281477e+00,2.1205343195e+00
0,0,4,2.2402597221e+02,2.2550008658e+02,2.2437722896e+02,2.2529028405e+02,2.1205343195e+00,9.1177258107e-01
4,2,5,2.2437722896e+02,2.2529028405e+02,2.2463036345e+02,2.2505821293e+02,9.1177258107e-01,6.4439331219e-01
5,1,7,2.2463036345e+02,2.2505821293e+02,2.2508729550e+02,2.2471585670e+02,6.4439331219e-01,-9.3339369810e-02
7,2,6,2.2508729550e+02,2.2471585670e+02,2.2481100225e+02,2.2493212933e+02,-9.3339369810e-02,1.8649165931e-01
6,1,4,2.2481100225e+02,2.2493212933e+02,2.2449012247e+02,2.2546797393e+02,1.8649165931e-01,9.2727829186e-01
4,0,0,2.2449012247e+02,2.2546797393e+02,2.2413636409e+02,2.2567208188e+02,9.2727829186e-01,2.1360795506e+00
0,1,2,2.2413636409e+02,2.2567208188e+02,2.2464948991e+02,2.2541955915e+02,2.1360795506e+00,1.3984176316e+00
2,1,0,2.2464948991e+02,2.2541955915e+02,2.2413661041e+02,2.2567074940e+02,1.3984176316e+00,2.1360215372e+00
0,2,1,2.2413661041e+02,2.2567074940e+02,2.2445480623e+02,2.2552263533e+02,2.1360215372e+00,1.8561664877e+00
1,2,0,2.2445480623e+02,2.2552263533e+02,2.2413584088e+02,2.2567064019e+02,1.8561664877e+00,2.1361726594e+00
0,0,4,2.2413584088e+02,2.2567064019e+02,2.2449033551e+02,2.2546635616e+02,2.1361726594e+00,9.2741092099e-01
4,1,6,2.2449033551e+02,2.2546635616e+02,2.2481066236e+02,2.2493062762e+02,9.2741092099e-01,1.8656851749e-01
6,0,2,2.2481066236e+02,2.2493062762e+02,2.2449903729e+02,2.2522143694e+02,1.8656851749e-01,1.4164101583e+00
2,0,6,2.2449903729e+02,2.2522143694e+02,2.2481075027e+02,2.2493118676e+02,1.4164101583e+00,1.8667232749e-01
6,0,2,2.2481075027e+02,2.2493118676e+02,2.2449909502e+02,2.2522196373e+02,1.8667232749e-01,1.4165139683e+00
2,2,3,2.2449909502e+02,2.2522196373e+02,2.2482271998e+02,2.2510744433e+02,1.4165139683e+00,1.1491097632e+00
3,0,7,2.2482271998e+02,2.2510744433e+02,2.2517255730e+02,2.2489654190e+02,1.1491097632e+00,-5.9630557620e-02
7,1,5,2.2517255730e+02,2.2489654190e+02,2.2470356992e+02,2.2522331088e+02,-5.9630557620e-02,6.7794907058e-01
5,0,1,2.2470356992e+02,2.2522331088e+02,2.2429666441e+02,2.2534783389e+02,6.7794907058e-01,1.9077326084e+00
1,2,0,2.2429666441e+02,2.2534783389e+02,2.2397049439e+02,2.2547920150e+02,1.9077326084e+00,2.1877387801e+00
0,1,2,2.2397049439e+02,2.2547920150e+02,2.2449597501e+02,2.2525351154e+02,2.1877387801e+00,1.4500768611e+00
2,0,6,2.2449597501e+02,2.2525351154e+02,2.2481728127e+02,2.2497391820e+02,1.4500768611e+00,2.2033903033e-01
6,1,4,2.2481728127e+02,2.2497391820e+02,2.2447845182e+02,2.2549859702e+02,2.2033903033e-01,9.6112566288e-01
4,2,5,2.2447845182e+02,2.2549859702e+02,2.2474272686e+02,2.2527929637e+02,9.6112566288e-01,6.9374639400e-01
5,0,1,2.2474272686e+02,2.2527929637e+02,2.2433390508e+02,2.2539737609e+02,6.9374639400e-01,1.9235299318e+00
1,0,5,2.2433390508e+02,2.2539737609e+02,2.2474350423e+02,2.2527924408e+02,1.9235299318e+00,6.9364357250e-01
5,0,1,2.2474350423e+02,2.2527924408e+02,2.2433469459e+02,2.2539736584e+02,6.9364357250e-01,1.9234271103e+00
1,2,0,2.2433469459e+02,2.2539736584e+02,2.2400650307e+02,2.2552359840e+02,1.9234271103e+00,2.2034332820e+00
0,1,2,2.2400650307e+02,2.2552359840e+02,2.2453546093e+02,2.2530618305e+02,2.2034332820e+00,1.4657713630e+00
2,0,6,2.2453546093e+02,2.2530618305e+02,2.2486111552e+02,2.2503166668e+02,1.4657713630e+00,2.3603353225e-01
6,0,2,2.2486111552e+02,2.2503166668e+02,2.2453549259e+02,2.2530671205e+02,2.3603353225e-01,1.4658751730e+00
2,0,6,2.2453549259e+02,2.2530671205e+02,2.2486117568e+02,2.2503222948e+02,1.4658751730e+00,2.3613734225e-01
6,0,2,2.2486117568e+02,2.2503222948e+02,2.2453552420e+02,2.2530724104e+02,2.3613734225e-01,1.4659789830e+00
2,1,0,2.2453552420e+02,2.2530724104e+02,2.2400685694e+02,2.2552323376e+02,1.4659789830e+00,2.2035828887e+00
0,2,1,2.2400685694e+02,2.2552323376e+02,2.2433432599e+02,2.2539693897e+02,2.2035828887e+00,1.9237278391e+00
1,2,0,2.2433432599e+02,2.2539693897e+02,2.2400609653e+02,2.2552307284e+02,1.9237278391e+00,2.2037340109e+00
0,1,2,2.2400609653e+02,2.2552307284e+02,2.2453511974e+02,2.2530581657e+02,2.2037340109e+00,1.4660720919e+00
2,0,6,2.2453511974e+02,2.2530581657e+02,2.2486085687e+02,2.2503139815e+02,1.4660720919e+00,2.3633426108e-01
6,1,4,2.2486085687e+02,2.2503139815e+02,2.2451367876e+02,2.2555059043e+02,2.3633426108e-01,9.7712089363e-01
4,1,6,2.2451367876e+02,2.2555059043e+02,2.2486023000e+02,2.2503144055e+02,9.7712089363e-01,2.3627849013e-01
6,1,4,2.2486023000e+02,2.2503144055e+02,2.2451308084e+02,2.2555065219e+02,2.3627849013e-01,9.7706512268e-01
4,1,6,2.2451308084e+02,2.2555065219e+02,2.2485960313e+02,2.2503148298e+02,9.7706512268e-01,2.3622271918e-01
6,1,4,2.2485960313e+02,2.2503148298e+02,2.2451248293e+02,2.2555071398e+02,2.3622271918e-01,9.7700935173e-01
4,1,6,2.2451248293e+02,2.2555071398e+02,2.2485897626e+02,2.2503152545e+02,9.7700935173e-01,2.3616694823e-01
6,2,7,2.2485897626e+02,2.2503152545e+02,2.2514580339e+02,2.2482859056e+02,2.3616694823e-01,-4.3715074720e-02
7,2,6,2.2514580339e+02,2.2482859056e+02,2.2485912229e+02,2.2503089172e+02,-4.3715074720e-02,2.3611595440e-01
6,1,4,2.2485912229e+02,2.2503089172e+02,2.2451205753e+02,2.2555015978e+02,2.3611595440e-01,9.7690258695e-01
4,1,6,2.2451205753e+02,2.2555015978e+02,2.2485849543e+02,2.2503093426e+02,9.7690258695e-01,2.3606018345e-01
6,1,4,2.2485849543e+02,2.2503093426e+02,2.2451145963e+02,2.2555022167e+02,2.3606018345e-01,9.7684681600e-01
4,2,5,2.2451145963e+02,2.2555022167e+02,2.2477914953e+02,2.2533510266e+02,9.7684681600e-01,7.0946754712e-01
5,0,1,2.2477914953e+02,2.2533510266e+02,2.2436852199e+02,2.2544674090e+02,7.0946754712e-01,1.9392510849e+00
1,0,5,2.2436852199e+02,2.2544674090e+02,2.2477992762e+02,2.2533506259e+02,1.9392510849e+00,7.0936472562e-01
5,0,1,2.2477992762e+02,2.2533506259e+02,2.2436931157e+02,2.2544674306e+02,7.0936472562e-01,1.9391482634e+00
1,1,3,2.2436931157e+02,2.2544674306e+02,2.2499332415e+02,2.2545643390e+02,1.9391482634e+00,1.1985150406e+00
3,0,7,2.2499332415e+02,2.2545643390e+02,2.2535315004e+02,2.2526306560e+02,1.1985150406e+00,-1.0225280220e-02
7,1,5,2.2535315004e+02,2.2526306560e+02,2.2486859738e+02,2.2556627483e+02,-1.0225280220e-02,7.2735434798e-01
5,0,1,2.2486859738e+02,2.2556627483e+02,2.2445603878e+02,2.2567055079e+02,7.2735434798e-01,1.9571378858e+00
1,2,0,2.2445603878e+02,2.2567055079e+02,2.2412377913e+02,2.2578565015e+02,1.9571378858e+00,2.2371440575e+00
0,2,1,2.2412377913e+02,2.2578565015e+02,2.2445530159e+02,2.2567041467e+02,2.2371440575e+00,1.9572890079e+00
1,1,3,2.2445530159e+02,2.2567041467e+02,2.2507903570e+02,2.2569142335e+02,1.9572890079e+00,1.2166557851e+00
3,0,7,2.2507903570e+02,2.2569142335e+02,2.2544231005e+02,2.2550461401e+02,1.2166557851e+00,7.9154643100e-03
7,0,3,2.2544231005e+02,2.2550461401e+02,2.2507880977e+02,2.2569161153e+02,7.9154643100e-03,1.2167438063e+00
3,0,7,2.2507880977e+02,2.2569161153e+02,2.2544210055e+02,2.2550483417e+02,1.2167438063e+00,8.0034855100e-03
7,0,3,2.2544210055e+02,2.2550483417e+02,2.2507858381e+02,2.2569179969e+02,8.0034855100e-03,1.2168318275e+00
3,0,7,2.2507858381e+02,2.2569179969e+02,2.2544189104e+02,2.2550505431e+02,1.2168318275e+00,8.0915067100e-03
7,2,6,2.2544189104e+02,2.2550505431e+02,2.2514511872e+02,2.2569223873e+02,8.0915067100e-03,2.8792253583e-01
6,1,4,2.2514511872e+02,2.2569223873e+02,2.2477163013e+02,2.2619283791e+02,2.8792253583e-01,1.0287091684e+00
4,0,0,2.2477163013e+02,2.2619283791e+02,2.2439902259e+02,2.2636007628e+02,1.0287091684e+00,2.2375104271e+00
0,2,1,2.2439902259e+02,2.2636007628e+02,2.2473058725e+02,2.2624496226e+02,2.2375104271e+00,1.9576553775e+00
1,0,5,2.2473058725e+02,2.2624496226e+02,2.2514397845e+02,2.2614087407e+02,1.9576553775e+00,7.2776901822e-01
5,2,4,2.2514397845e+02,2.2614087407e+02,2.2487220209e+02,2.2635058903e+02,7.2776901822e-01,9.9524497941e-01
4,1,6,2.2487220209e+02,2.2635058903e+02,2.2522810501e+02,2.2583780499e+02,9.9524497941e-01,2.5440257591e-01
6,0,2,2.2522810501e+02,2.2583780499e+02,2.2489748499e+02,2.2610682291e+02,2.5440257591e-01,1.4842442167e+00
2,0,6,2.2489748499e+02,2.2610682291e+02,2.2522815483e+02,2.2583836880e+02,1.4842442167e+00,2.5450638591e-01
6,2,7,2.2522815483e+02,2.2583836880e+02,2.2551865522e+02,2.2564072799e+02,2.5450638591e-01,-2.5375637040e-02
7,1,5,2.2551865522e+02,2.2564072799e+02,2.2503875172e+02,2.2595124329e+02,-2.5375637040e-02,7.1220399116e-01
5,2,4,2.2503875172e+02,2.2595124329e+02,2.2477027237e+02,2.2616516288e+02,7.1220399116e-01,9.7967995235e-01
4,2,5,2.2477027237e+02,2.2616516288e+02,2.2503857066e+02,2.2595080313e+02,9.7967995235e-01,7.1230068347e-01
5,1,7,2.2503857066e+02,2.2595080313e+02,2.2551768021e+02,2.2564024118e+02,7.1230068347e-01,-2.5431998530e-02
7,0,3,2.2551768021e+02,2.2564024118e+02,2.2516061676e+02,2.2583925431e+02,-2.5431998530e-02,1.1833963435e+00
3,0,7,2.2516061676e+02,2.2583925431e+02,2.2551747817e+02,2.2564046821e+02,1.1833963435e+00,-2.5343977330e-02
7,2,6,2.2551747817e+02,2.2564046821e+02,2.2522712916e+02,2.2583746888e+02,-2.5343977330e-02,2.5448705179e-01
6,1,4,2.2522712916e+02,2.2583746888e+02,2.2487058398e+02,2.2635027371e+02,2.5448705179e-01,9.9527368434e-01
4,1,6,2.2487058398e+02,2.2635027371e+02,2.2522650162e+02,2.2583749989e+02,9.9527368434e-01,2.5443128084e-01
6,0,2,2.2522650162e+02,2.2583749989e+02,2.2489587387e+02,2.2610650832e+02,2.5443128084e-01,1.4842729216e+00
2,0,6,2.2489587387e+02,2.2610650832e+02,2.2522655142e+02,2.2583806371e+02,1.4842729216e+00,2.5453509084e-01
6,2,7,2.2522655142e+02,2.2583806371e+02,2.2551705748e+02,2.2564043123e+02,2.5453509084e-01,-2.5346932110e-02
7,0,3,2.2551705748e+02,2.2564043123e+02,2.2515997711e+02,2.2583941398e+02,-2.5346932110e-02,1.1834814099e+00
3,1,1,2.2515997711e+02,2.2583941398e+02,2.2453594461e+02,2.2583875163e+02,1.1834814099e+00,1.9242011382e+00
1,2,0,2.2453594461e+02,2.2583875163e+02,2.2420765548e+02,2.2596473013e+02,1.9242011382e+00,2.2042073099e+00
0,2,1,2.2420765548e+02,2.2596473013e+02,2.2453520334e+02,2.2583863985e+02,2.2042073099e+00,1.9243522603e+00
1,1,3,2.2453520334e+02,2.2583863985e+02,2.2515929099e+02,2.2583909708e+02,1.9243522603e+00,1.1837190375e+00
3,0,7,2.2515929099e+02,2.2583909708e+02,2.2551621653e+02,2.2564042615e+02,1.1837190375e+00,-2.5021283310e-02
7,0,3,2.2551621653e+02,2.2564042615e+02,2.2515907137e+02,2.2583929260e+02,-2.5021283310e-02,1.1838070587e+00
3,1,1,2.2515907137e+02,2.2583929260e+02,2.2453503913e+02,2.2583842704e+02,1.1838070587e+00,1.9245267870e+00
1,0,5,2.2453503913e+02,2.2583842704e+02,2.2494475584e+02,2.2572070339e+02,1.9245267870e+00,6.9464042766e-01
5,0,1,2.2494475584e+02,2.2572070339e+02,2.2453582865e+02,2.2583841757e+02,6.9464042766e-01,1.9244239655e+00
1,2,0,2.2453582865e+02,2.2583841757e+02,2.2420751145e+02,2.2596432291e+02,1.9244239655e+00,2.2044301372e+00
0,0,4,2.2420751145e+02,2.2596432291e+02,2.2457511369e+02,2.2578469271e+02,2.2044301372e+00,9.9566839879e-01
4,0,0,2.2457511369e+02,2.2578469271e+02,2.2420823419e+02,2.2596414881e+02,9.9566839879e-01,2.2044696575e+00
0,1,2,2.2420823419e+02,2.2596414881e+02,2.2473741708e+02,2.2574728177e+02,2.2044696575e+00,1.4668077385e+00
2,1,0,2.2473741708e+02,2.2574728177e+02,2.2420857100e+02,2.2596283627e+02,1.4668077385e+00,2.2044116441e+00
0,1,2,2.2420857100e+02,2.2596283627e+02,2.2473774131e+02,2.2574593854e+02,2.2044116441e+00,1.4667497252e+00
2,1,0,2.2473774131e+02,2.2574593854e+02,2.2420890773e+02,2.2596152372e+02,1.4667497252e+00,2.2043536308e+00
0,1,2,2.2420890773e+02,2.2596152372e+02,2.2473806546e+02,2.2574459529e+02,2.2043536308e+00,1.4666917118e+00
2,1,0,2.2473806546e+02,2.2574459529e+02,2.2420924439e+02,2.2596021116e+02,1.4666917118e+00,2.2042956175e+00
0,2,1,2.2420924439e+02,2.2596021116e+02,2.2453680338e+02,2.2583414980e+02,2.2042956175e+00,1.9244405679e+00
1,0,5,2.2453680338e+02,2.2583414980e+02,2.2494650994e+02,2.2571639083e+02,1.9244405679e+00,6.9455420861e-01
5,2,4,2.2494650994e+02,2.2571639083e+02,2.2468184784e+02,2.2593501546e+02,6.9455420861e-01,9.6203016980e-01
4,0,0,2.2468184784e+02,2.2593501546e+02,2.2432121134e+02,2.2612670888e+02,9.6203016980e-01,2.1708314285e+00
0,1,2,2.2432121134e+02,2.2612670888e+02,2.2484280122e+02,2.2589216711e+02,2.1708314285e+00,1.4331695095e+00
2,0,6,2.2484280122e+02,2.2589216711e+02,2.2515933460e+02,2.2560718155e+02,1.4331695095e+00,2.0343167872e-01
6,2,7,2.2515933460e+02,2.2560718155e+02,2.2543936612e+02,2.2539496770e+02,2.0343167872e-01,-7.6450344230e-02
7,0,3,2.2543936612e+02,2.2539496770e+02,2.2509291618e+02,2.2561193076e+02,-7.6450344230e-02,1.1323779978e+00
3,0,7,2.2509291618e+02,2.2561193076e+02,2.2543917592e+02,2.2539520473e+02,1.1323779978e+00,-7.6362323030e-02
7,1,5,2.2543917592e+02,2.2539520473e+02,2.2497572136e+02,2.2572977459e+02,-7.6362323030e-02,6.6121730517e-01
5,2,4,2.2497572136e+02,2.2572977459e+02,2.2471849323e+02,2.2595709913e+02,6.6121730517e-01,9.2869326636e-01
4,1,6,2.2471849323e+02,2.2595709913e+02,2.2503950681e+02,2.2542178180e+02,9.2869326636e-01,1.8785086286e-01
6,1,4,2.2503950681e+02,2.2542178180e+02,2.2471789901e+02,2.2595718976e+02,1.8785086286e-01,9.2863749541e-01
4,1,6,2.2471789901e+02,2.2595718976e+02,2.2503888273e+02,2.2542185453e+02,9.2863749541e-01,1.8779509191e-01
6,0,2,2.2503888273e+02,2.2542185453e+02,2.2472690119e+02,2.2571228139e+02,1.8779509191e-01,1.4176367327e+00
2,0,6,2.2472690119e+02,2.2571228139e+02,2.2503896995e+02,2.2542241377e+02,1.4176367327e+00,1.8789890191e-01
6,2,7,2.2503896995e+02,2.2542241377e+02,2.2531567155e+02,2.2520587602e+02,1.8789890191e-01,-9.1983121040e-02
7,0,3,2.2531567155e+02,2.2520587602e+02,2.2497263331e+02,2.2542819402e+02,-9.1983121040e-02,1.1168452210e+00
3,0,7,2.2497263331e+02,2.2542819402e+02,2.2531548506e+02,2.2520611598e+02,1.1168452210e+00,-9.1895099840e-02
7,2,6,2.2531548506e+02,2.2520611598e+02,2.2503887974e+02,2.2542198934e+02,-9.1895099840e-02,1.8793592928e-01
6,1,4,2.2503887974e+02,2.2542198934e+02,2.2471722639e+02,2.2595736994e+02,1.8793592928e-01,9.2872256183e-01
4,2,5,2.2471722639e+02,2.2595736994e+02,2.2497425793e+02,2.2572962258e+02,9.2872256183e-01,6.6134329295e-01
