5 0 1 2.2500000000e+02 2.2500000000e+02 2.2476117775e+02 2.2535219597e+02 0.0000000000e+00 1.2297835378e+00
1 1 3 2.2476117775e+02 2.2535219597e+02 2.2524097555e+02 2.2495309739e+02 1.2297835378e+00 4.8915031496e-01
3 0 7 2.2524097555e+02 2.2495309739e+02 2.2538805193e+02 2.2457200092e+02 4.8915031496e-01 -7.1959000584e-01
7 1 5 2.2538805193e+02 2.2457200092e+02 2.2521788099e+02 2.2511768304e+02 -7.1959000584e-01 1.7989622360e-02
5 1 7 2.2521788099e+02 2.2511768304e+02 2.2538735917e+02 2.2457245664e+02 1.7989622360e-02 -7.1974305964e-01
7 2 6 2.2538735917e+02 2.2457245664e+02 2.2529030927e+02 2.2490964075e+02 -7.1974305964e-01 -4.3991203052e-01
6 0 2 2.2529030927e+02 2.2490964075e+02 2.2520836377e+02 2.2532792915e+02 -4.3991203052e-01 7.8992961028e-01
2 2 3 2.2520836377e+02 2.2532792915e+02 2.2540335931e+02 2.2504539675e+02 7.8992961028e-01 5.2252540517e-01
3 0 7 2.2540335931e+02 2.2504539675e+02 2.2556307055e+02 2.2466942030e+02 5.2252540517e-01 -6.8621491563e-01
7 0 3 2.2556307055e+02 2.2466942030e+02 2.2540330604e+02 2.2504568593e+02 -6.8621491563e-01 5.2261342637e-01
3 0 7 2.2540330604e+02 2.2504568593e+02 2.2556305037e+02 2.2466972353e+02 5.2261342637e-01 -6.8612689443e-01
7 2 6 2.2556305037e+02 2.2466972353e+02 2.2545472259e+02 2.2500345532e+02 -6.8612689443e-01 -4.0629586531e-01
6 1 4 2.2545472259e+02 2.2500345532e+02 2.2548795226e+02 2.2562714519e+02 -4.0629586531e-01 3.3449076724e-01
4 2 5 2.2548795226e+02 2.2562714519e+02 2.2557341369e+02 2.2529453368e+02 3.3449076724e-01 6.7111498360e-02
5 2 4 2.2557341369e+02 2.2529453368e+02 2.2548751077e+02 2.2562689409e+02 6.7111498360e-02 3.3458745955e-01
4 0 0 2.2548751077e+02 2.2562689409e+02 2.2530810287e+02 2.2599379715e+02 3.3458745955e-01 1.5433887182e+00
0 1 2 2.2530810287e+02 2.2599379715e+02 2.2559265234e+02 2.2549771506e+02 1.5433887182e+00 8.0572679927e-01
2 1 0 2.2559265234e+02 2.2549771506e+02 2.2530756287e+02 2.2599255434e+02 8.0572679927e-01 1.5433307049e+00
0 1 2 2.2530756287e+02 2.2599255434e+02 2.2559208356e+02 2.2549645574e+02 1.5433307049e+00 8.0566878593e-01
2 1 0 2.2559208356e+02 2.2549645574e+02 2.2530702280e+02 2.2599131156e+02 8.0566878593e-01 1.5432726916e+00
0 0 4 2.2530702280e+02 2.2599131156e+02 2.2548686616e+02 2.2562381357e+02 1.5432726916e+00 3.3451095317e-01
4 1 6 2.2548686616e+02 2.2562381357e+02 2.2545317266e+02 2.2500053265e+02 3.3451095317e-01 -4.0633145033e-01
6 0 2 2.2545317266e+02 2.2500053265e+02 2.2535722964e+02 2.2541583396e+02 -4.0633145033e-01 8.2351019047e-01
2 0 6 2.2535722964e+02 2.2541583396e+02 2.2545355800e+02 2.2500094723e+02 8.2351019047e-01 -4.0622764033e-01
6 1 4 2.2545355800e+02 2.2500094723e+02 2.2548674511e+02 2.2562463937e+02 -4.0622764033e-01 3.3455899222e-01
4 2 5 2.2548674511e+02 2.2562463937e+02 2.2557222924e+02 2.2529203369e+02 3.3455899222e-01 6.7179723340e-02
5 0 1 2.2557222924e+02 2.2529203369e+02 2.2531030306e+02 2.2562740326e+02 6.7179723340e-02 1.2969632611e+00
1 2 0 2.2531030306e+02 2.2562740326e+02 2.2511844133e+02 2.2592207836e+02 1.2969632611e+00 1.5769694329e+00
0 0 4 2.2511844133e+02 2.2592207836e+02 2.2531056374e+02 2.2556084798e+02 1.5769694329e+00 3.6820769447e-01
4 1 6 2.2531056374e+02 2.2556084798e+02 2.2529788793e+02 2.2493678573e+02 3.6820769447e-01 -3.7263470903e-01
6 1 4 2.2529788793e+02 2.2493678573e+02 2.2531010862e+02 2.2556124063e+02 -3.7263470903e-01 3.6815192352e-01
4 2 5 2.2531010862e+02 2.2556124063e+02 2.2540671561e+02 2.2523169373e+02 3.6815192352e-01 1.0077265464e-01
5 0 1 2.2540671561e+02 2.2523169373e+02 2.2513367328e+02 2.2555807688e+02 1.0077265464e-01 1.3305561924e+00
1 1 3 2.2513367328e+02 2.2555807688e+02 2.2565118713e+02 2.2520927173e+02 1.3305561924e+00 5.8992296960e-01
3 1 1 2.2565118713e+02 2.2520927173e+02 2.2513352141e+02 2.2555775300e+02 5.8992296960e-01 1.3306426979e+00
1 1 3 2.2513352141e+02 2.2555775300e+02 2.2565106543e+02 2.2520899263e+02 1.3306426979e+00 5.9000947503e-01
3 0 7 2.2565106543e+02 2.2520899263e+02 2.2583576631e+02 2.2484464175e+02 5.9000947503e-01 -6.1873084577e-01
7 2 6 2.2583576631e+02 2.2484464175e+02 2.2570520928e+02 2.2517032054e+02 -6.1873084577e-01 -3.3889981665e-01
6 0 2 2.2570520928e+02 2.2517032054e+02 2.2558150108e+02 2.2557821333e+02 -3.3889981665e-01 8.9094182415e-01
2 2 3 2.2558150108e+02 2.2557821333e+02 2.2580399336e+02 2.2531678456e+02 8.9094182415e-01 6.2353761904e-01
3 2 2 2.2580399336e+02 2.2531678456e+02 2.2558106061e+02 2.2557807587e+02 6.2353761904e-01 8.9093605279e-01
2 0 6 2.2558106061e+02 2.2557807587e+02 2.2570512299e+02 2.2517062198e+02 8.9093605279e-01 -3.3880177801e-01
6 2 7 2.2570512299e+02 2.2517062198e+02 2.2583547325e+02 2.2484433808e+02 -3.3880177801e-01 -6.1868380096e-01
7 0 3 2.2583547325e+02 2.2484433808e+02 2.2565068257e+02 2.2520896520e+02 -6.1868380096e-01 5.9014454104e-01
3 0 7 2.2565068257e+02 2.2520896520e+02 2.2583543266e+02 2.2484463927e+02 5.9014454104e-01 -6.1859577976e-01
7 0 3 2.2583543266e+02 2.2484463927e+02 2.2565060988e+02 2.2520925011e+02 -6.1859577976e-01 5.9023256224e-01
3 1 1 2.2565060988e+02 2.2520925011e+02 2.2513283629e+02 2.2555757110e+02 5.9023256224e-01 1.3309522905e+00
1 1 3 2.2513283629e+02 2.2555757110e+02 2.2565048826e+02 2.2520897097e+02 1.3309522905e+00 5.9031906767e-01
3 2 2 2.2565048826e+02 2.2520897097e+02 2.2543635663e+02 2.2547752227e+02 5.9031906767e-01 8.5771750142e-01
2 0 6 2.2543635663e+02 2.2547752227e+02 2.2554681802e+02 2.2506617274e+02 8.5771750142e-01 -3.7202032938e-01
6 0 2 2.2554681802e+02 2.2506617274e+02 2.2543668481e+02 2.2547793836e+02 -3.7202032938e-01 8.5782131142e-01
2 1 0 2.2543668481e+02 2.2547793836e+02 2.2512621534e+02 2.2595726145e+02 8.5782131142e-01 1.5954252171e+00
0 0 4 2.2512621534e+02 2.2595726145e+02 2.2532497145e+02 2.2559963816e+02 1.5954252171e+00 3.8666347866e-01
4 1 6 2.2532497145e+02 2.2559963816e+02 2.2532381470e+02 2.2497544827e+02 3.8666347866e-01 -3.5417892484e-01
6 2 7 2.2532381470e+02 2.2497544827e+02 2.2544913243e+02 2.2464719862e+02 -3.5417892484e-01 -6.3406094779e-01
7 2 6 2.2544913243e+02 2.2464719862e+02 2.2532358324e+02 2.2497484051e+02 -6.3406094779e-01 -3.5422991867e-01
6 0 2 2.2532358324e+02 2.2497484051e+02 2.2520614237e+02 2.2538458175e+02 -3.5422991867e-01 8.7561172213e-01
2 1 0 2.2520614237e+02 2.2538458175e+02 2.2488719512e+02 2.2585830591e+02 8.7561172213e-01 1.6132156278e+00
0 1 2 2.2488719512e+02 2.2585830591e+02 2.2520566291e+02 2.2538328579e+02 1.6132156278e+00 8.7555370879e-01
2 1 0 2.2520566291e+02 2.2538328579e+02 2.2488674315e+02 2.2585702846e+02 8.7555370879e-01 1.6131576144e+00
0 1 2 2.2488674315e+02 2.2585702846e+02 2.2520518338e+02 2.2538198986e+02 1.6131576144e+00 8.7549569545e-01
2 2 3 2.2520518338e+02 2.2538198986e+02 2.2542361122e+02 2.2511715578e+02 8.7549569545e-01 6.0809149034e-01
3 2 2 2.2542361122e+02 2.2511715578e+02 2.2520474084e+02 2.2538185923e+02 6.0809149034e-01 8.7548992409e-01
2 2 3 2.2520474084e+02 2.2538185923e+02 2.2542316715e+02 2.2511702388e+02 8.7548992409e-01 6.0808571898e-01
3 0 7 2.2542316715e+02 2.2511702388e+02 2.2561442359e+02 2.2475607104e+02 6.0808571898e-01 -6.0065460182e-01
7 2 6 2.2561442359e+02 2.2475607104e+02 2.2547800117e+02 2.2507933678e+02 -6.0065460182e-01 -3.2082357270e-01
6 1 4 2.2547800117e+02 2.2507933678e+02 2.2545786621e+02 2.2570358660e+02 -3.2082357270e-01 4.1996305985e-01
4 0 0 2.2545786621e+02 2.2570358660e+02 2.2524782523e+02 2.2605385485e+02 4.1996305985e-01 1.6287643185e+00
0 1 2 2.2524782523e+02 2.2605385485e+02 2.2557364017e+02 2.2558384371e+02 1.6287643185e+00 8.9110239957e-01
2 2 3 2.2557364017e+02 2.2558384371e+02 2.2579617442e+02 2.2532245067e+02 8.9110239957e-01 6.2369819446e-01
3 0 7 2.2579617442e+02 2.2532245067e+02 2.2599304269e+02 2.2496452769e+02 6.2369819446e-01 -5.8504212634e-01
7 0 3 2.2599304269e+02 2.2496452769e+02 2.2579609222e+02 2.2532273299e+02 -5.8504212634e-01 6.2378621566e-01
3 2 2 2.2579609222e+02 2.2532273299e+02 2.2557309452e+02 2.2558396887e+02 6.2378621566e-01 8.9118464941e-01
2 0 6 2.2557309452e+02 2.2558396887e+02 2.2569725819e+02 2.2517654583e+02 8.9118464941e-01 -3.3855318139e-01
6 0 2 2.2569725819e+02 2.2517654583e+02 2.2557340860e+02 2.2558439571e+02 -3.3855318139e-01 8.9128845941e-01
2 0 6 2.2557340860e+02 2.2558439571e+02 2.2569761456e+02 2.2517698555e+02 8.9128845941e-01 -3.3844937139e-01
6 0 2 2.2569761456e+02 2.2517698555e+02 2.2557372264e+02 2.2558482257e+02 -3.3844937139e-01 8.9139226941e-01
2 0 6 2.2557372264e+02 2.2558482257e+02 2.2569797089e+02 2.2517742532e+02 8.9139226941e-01 -3.3834556139e-01
6 0 2 2.2569797089e+02 2.2517742532e+02 2.2557403663e+02 2.2558524948e+02 -3.3834556139e-01 8.9149607941e-01
2 2 3 2.2557403663e+02 2.2558524948e+02 2.2579667377e+02 2.2532394407e+02 8.9149607941e-01 6.2409187430e-01
3 0 7 2.2579667377e+02 2.2532394407e+02 2.2599368293e+02 2.2496609862e+02 6.2409187430e-01 -5.8464844650e-01
7 2 6 2.2599368293e+02 2.2496609862e+02 2.2585210396e+02 2.2528713944e+02 -5.8464844650e-01 -3.0481741738e-01
6 1 4 2.2585210396e+02 2.2528713944e+02 2.2582198017e+02 2.2591098703e+02 -3.0481741738e-01 4.3596921517e-01
4 1 6 2.2582198017e+02 2.2591098703e+02 2.2585158850e+02 2.2528749869e+02 4.3596921517e-01 -3.0487318833e-01
6 1 4 2.2585158850e+02 2.2528749869e+02 2.2582149950e+02 2.2591134797e+02 -3.0487318833e-01 4.3591344422e-01
4 0 0 2.2582149950e+02 2.2591134797e+02 2.2560589857e+02 2.2625822156e+02 4.3591344422e-01 1.6447147029e+00
0 1 2 2.2560589857e+02 2.2625822156e+02 2.2593916860e+02 2.2579346686e+02 1.6447147029e+00 9.0705278394e-01
2 1 0 2.2593916860e+02 2.2579346686e+02 2.2560548705e+02 2.2625693051e+02 9.0705278394e-01 1.6446566896e+00
0 1 2 2.2560548705e+02 2.2625693051e+02 2.2593873012e+02 2.2579215647e+02 1.6446566896e+00 9.0699477060e-01
2 0 6 2.2593873012e+02 2.2579215647e+02 2.2606931940e+02 2.2538674731e+02 9.0699477060e-01 -3.2274306020e-01
6 1 4 2.2606931940e+02 2.2538674731e+02 2.2605038272e+02 2.2601103464e+02 -3.2274306020e-01 4.1804357235e-01
4 2 5 2.2605038272e+02 2.2601103464e+02 2.2616330432e+02 2.2568671568e+02 4.1804357235e-01 1.5066430347e-01
5 0 1 2.2616330432e+02 2.2568671568e+02 2.2587432471e+02 2.2599907582e+02 1.5066430347e-01 1.3804478413e+00
1 1 3 2.2587432471e+02 2.2599907582e+02 2.2640858985e+02 2.2567651361e+02 1.3804478413e+00 6.3981461843e-01
3 2 2 2.2640858985e+02 2.2567651361e+02 2.2618143378e+02 2.2593414179e+02 6.3981461843e-01 9.0721305218e-01
2 0 6 2.2618143378e+02 2.2593414179e+02 2.2631211156e+02 2.2552876115e+02 9.0721305218e-01 -3.2252477862e-01
6 2 7 2.2631211156e+02 2.2552876115e+02 2.2644775525e+02 2.2520464209e+02 -3.2252477862e-01 -6.0240680157e-01
7 0 3 2.2644775525e+02 2.2520464209e+02 2.2625705427e+02 2.2556621320e+02 -6.0240680157e-01 6.0642154043e-01
3 1 1 2.2625705427e+02 2.2556621320e+02 2.2573370982e+02 2.2590610669e+02 6.0642154043e-01 1.3471412687e+00
1 2 0 2.2573370982e+02 2.2590610669e+02 2.2552730957e+02 2.2619078769e+02 1.3471412687e+00 1.6271474404e+00
0 2 1 2.2552730957e+02 2.2619078769e+02 2.2573302760e+02 2.2590641742e+02 1.6271474404e+00 1.3472923909e+00
1 1 3 2.2573302760e+02 2.2590641742e+02 2.2625630637e+02 2.2556632194e+02 1.3472923909e+00 6.0665916803e-01
3 0 7 2.2625630637e+02 2.2556632194e+02 2.2644704769e+02 2.2520509663e+02 6.0665916803e-01 -6.0208115277e-01
7 1 5 2.2644704769e+02 2.2520509663e+02 2.2621407528e+02 2.2572706499e+02 -6.0208115277e-01 1.3549847543e-01
5 1 7 2.2621407528e+02 2.2572706499e+02 2.2644630628e+02 2.2520546798e+02 1.3549847543e-01 -6.0223420657e-01
7 0 3 2.2644630628e+02 2.2520546798e+02 2.2625554290e+02 2.2556700617e+02 -6.0223420657e-01 6.0659413543e-01
3 2 2 2.2625554290e+02 2.2556700617e+02 2.2603706913e+02 2.2583203704e+02 6.0659413543e-01 8.7399256918e-01
2 2 3 2.2603706913e+02 2.2583203704e+02 2.2625509864e+02 2.2556687494e+02 8.7399256918e-01 6.0658836407e-01
3 2 2 2.2625509864e+02 2.2556687494e+02 2.2603662640e+02 2.2583190707e+02 6.0658836407e-01 8.7398679782e-01
2 2 3 2.2603662640e+02 2.2583190707e+02 2.2625465438e+02 2.2556674371e+02 8.7398679782e-01 6.0658259271e-01
3 1 1 2.2625465438e+02 2.2556674371e+02 2.2573125519e+02 2.2590655290e+02 6.0658259271e-01 1.3473023210e+00
1 2 0 2.2573125519e+02 2.2590655290e+02 2.2552480910e+02 2.2619120066e+02 1.3473023210e+00 1.6273084927e+00
0 2 1 2.2552480910e+02 2.2619120066e+02 2.2573057292e+02 2.2590686353e+02 1.6273084927e+00 1.3474534431e+00
1 2 0 2.2573057292e+02 2.2590686353e+02 2.2552408381e+02 2.2619148008e+02 1.3474534431e+00 1.6274596149e+00
0 2 1 2.2552408381e+02 2.2619148008e+02 2.2572989060e+02 2.2590717405e+02 1.6274596149e+00 1.3476045653e+00
1 2 0 2.2572989060e+02 2.2590717405e+02 2.2552335848e+02 2.2619175940e+02 1.3476045653e+00 1.6276107370e+00
0 0 4 2.2552335848e+02 2.2619175940e+02 2.2573351996e+02 2.2584071728e+02 1.6276107370e+00 4.1884899865e-01
4 1 6 2.2573351996e+02 2.2584071728e+02 2.2575245021e+02 2.2521681344e+02 4.1884899865e-01 -3.2199340485e-01
6 2 7 2.2575245021e+02 2.2521681344e+02 2.2588826611e+02 2.2489276651e+02 -3.2199340485e-01 -6.0187542780e-01
7 2 6 2.2588826611e+02 2.2489276651e+02 2.2575223844e+02 2.2521619855e+02 -6.0187542780e-01 -3.2204439868e-01
6 1 4 2.2575223844e+02 2.2521619855e+02 2.2573286559e+02 2.2584047250e+02 -3.2204439868e-01 4.1874223387e-01
4 2 5 2.2573286559e+02 2.2584047250e+02 2.2584601376e+02 2.2551623251e+02 4.1874223387e-01 1.5136296499e-01
5 1 7 2.2584601376e+02 2.2551623251e+02 2.2608649007e+02 2.2499838521e+02 1.5136296499e-01 -5.8636971701e-01
7 0 3 2.2608649007e+02 2.2499838521e+02 2.2589001531e+02 2.2535685166e+02 -5.8636971701e-01 6.2245862499e-01
3 2 2 2.2589001531e+02 2.2535685166e+02 2.2566736463e+02 2.2561838336e+02 6.2245862499e-01 8.8985705874e-01
2 2 3 2.2566736463e+02 2.2561838336e+02 2.2588957319e+02 2.2535671340e+02 8.8985705874e-01 6.2245285363e-01
3 0 7 2.2588957319e+02 2.2535671340e+02 2.2608599557e+02 2.2499854553e+02 6.2245285363e-01 -5.8628746717e-01
7 2 6 2.2608599557e+02 2.2499854553e+02 2.2594494298e+02 2.2531981796e+02 -5.8628746717e-01 -3.0645643805e-01
6 0 2 2.2594494298e+02 2.2531981796e+02 2.2580806878e+02 2.2572348329e+02 -3.0645643805e-01 9.2338520275e-01
2 0 6 2.2580806878e+02 2.2572348329e+02 2.2594528506e+02 2.2532026890e+02 9.2338520275e-01 -3.0635262805e-01
6 2 7 2.2594528506e+02 2.2532026890e+02 2.2608615248e+02 2.2499838579e+02 -3.0635262805e-01 -5.8623465100e-01
7 0 3 2.2608615248e+02 2.2499838579e+02 2.2588962931e+02 2.2535682570e+02 -5.8623465100e-01 6.2259369100e-01
3 2 2 2.2588962931e+02 2.2535682570e+02 2.2566694330e+02 2.2561832733e+02 6.2259369100e-01 8.8999212475e-01
2 2 3 2.2566694330e+02 2.2561832733e+02 2.2588918721e+02 2.2535668738e+02 8.8999212475e-01 6.2258791964e-01
3 2 2 2.2588918721e+02 2.2535668738e+02 2.2566650271e+02 2.2561819029e+02 6.2258791964e-01 8.8998635339e-01
2 0 6 2.2566650271e+02 2.2561819029e+02 2.2579017807e+02 2.2521061875e+02 8.8998635339e-01 -3.3975147741e-01
6 0 2 2.2579017807e+02 2.2521061875e+02 2.2566681730e+02 2.2561861675e+02 -3.3975147741e-01 8.9009016339e-01
2 0 6 2.2566681730e+02 2.2561861675e+02 2.2579053497e+02 2.2521105806e+02 8.9009016339e-01 -3.3964766741e-01
6 1 4 2.2579053497e+02 2.2521105806e+02 2.2578215383e+02 2.2583557629e+02 -3.3964766741e-01 4.0113896514e-01
4 2 5 2.2578215383e+02 2.2583557629e+02 2.2588957707e+02 2.2550939486e+02 4.0113896514e-01 1.3375969626e-01
5 0 1 2.2588957707e+02 2.2550939486e+02 2.2560591882e+02 2.2582659523e+02 1.3375969626e-01 1.3635432341e+00
1 1 3 2.2560591882e+02 2.2582659523e+02 2.2613465509e+02 2.2549504800e+02 1.3635432341e+00 6.2291001122e-01
3 2 2 2.2613465509e+02 2.2549504800e+02 2.2591188638e+02 2.2575647917e+02 6.2291001122e-01 8.9030844497e-01
2 2 3 2.2591188638e+02 2.2575647917e+02 2.2613421303e+02 2.2549490954e+02 8.9030844497e-01 6.2290423986e-01
3 2 2 2.2613421303e+02 2.2549490954e+02 2.2591144583e+02 2.2575634199e+02 6.2290423986e-01 8.9030267361e-01
2 1 0 2.2591144583e+02 2.2575634199e+02 2.2558557379e+02 2.2622532956e+02 8.9030267361e-01 1.6279065792e+00
0 0 4 2.2558557379e+02 2.2622532956e+02 2.2579583911e+02 2.2587434964e+02 1.6279065792e+00 4.1914484085e-01
4 0 0 2.2579583911e+02 2.2587434964e+02 2.2558608480e+02 2.2622478962e+02 4.1914484085e-01 1.6279460995e+00
0 0 4 2.2558608480e+02 2.2622478962e+02 2.2579636398e+02 2.2587381801e+02 1.6279460995e+00 4.1918436115e-01
4 0 0 2.2579636398e+02 2.2587381801e+02 2.2558659582e+02 2.2622424971e+02 4.1918436115e-01 1.6279856198e+00
0 2 1 2.2558659582e+02 2.2622424971e+02 2.2579255213e+02 2.2594005197e+02 1.6279856198e+00 1.3481305703e+00
1 2 0 2.2579255213e+02 2.2594005197e+02 2.2558587035e+02 2.2622452864e+02 1.3481305703e+00 1.6281367420e+00
0 0 4 2.2558587035e+02 2.2622452864e+02 2.2579621644e+02 2.2587359712e+02 1.6281367420e+00 4.1937500362e-01
4 0 0 2.2579621644e+02 2.2587359712e+02 2.2558638148e+02 2.2622398882e+02 4.1937500362e-01 1.6281762623e+00
0 0 4 2.2558638148e+02 2.2622398882e+02 2.2579674144e+02 2.2587306561e+02 1.6281762623e+00 4.1941452392e-01
4 1 6 2.2579674144e+02 2.2587306561e+02 2.2581602453e+02 2.2524917258e+02 4.1941452392e-01 -3.2142787958e-01
6 2 7 2.2581602453e+02 2.2524917258e+02 2.2595202366e+02 2.2492520251e+02 -3.2142787958e-01 -6.0130990253e-01
7 0 3 2.2595202366e+02 2.2492520251e+02 2.2576092619e+02 2.2528656421e+02 -6.0130990253e-01 6.0751843947e-01
3 0 7 2.2576092619e+02 2.2528656421e+02 2.2595197784e+02 2.2492550294e+02 6.0751843947e-01 -6.0122188133e-01
7 1 5 2.2595197784e+02 2.2492550294e+02 2.2571855699e+02 2.2544727092e+02 -6.0122188133e-01 1.3635774687e-01
5 0 1 2.2571855699e+02 2.2544727092e+02 2.2543407560e+02 2.2576373326e+02 1.3635774687e-01 1.3661412847e+00
1 2 0 2.2543407560e+02 2.2576373326e+02 2.2522230398e+02 2.2604444150e+02 1.3661412847e+00 1.6461474564e+00
0 1 2 2.2522230398e+02 2.2604444150e+02 2.2555623955e+02 2.2558016477e+02 1.6461474564e+00 9.0848553742e-01
2 1 0 2.2555623955e+02 2.2558016477e+02 2.2522189432e+02 2.2604314986e+02 9.0848553742e-01 1.6460894431e+00
0 1 2 2.2522189432e+02 2.2604314986e+02 2.2555580295e+02 2.2557885376e+02 1.6460894431e+00 9.0842752408e-01
2 0 6 2.2555580295e+02 2.2557885376e+02 2.2568697295e+02 2.2517363211e+02 9.0842752408e-01 -3.2131030672e-01
6 0 2 2.2568697295e+02 2.2517363211e+02 2.2555610962e+02 2.2557928595e+02 -3.2131030672e-01 9.0853133408e-01
2 0 6 2.2555610962e+02 2.2557928595e+02 2.2568732169e+02 2.2517407792e+02 9.0853133408e-01 -3.2120649672e-01
6 1 4 2.2568732169e+02 2.2517407792e+02 2.2566742578e+02 2.2579833541e+02 -3.2120649672e-01 4.1958013583e-01
4 1 6 2.2566742578e+02 2.2579833541e+02 2.2568681219e+02 2.2517444558e+02 4.1958013583e-01 -3.2126226767e-01
6 2 7 2.2568681219e+02 2.2517444558e+02 2.2582286497e+02 2.2485049803e+02 -3.2126226767e-01 -6.0114429062e-01
7 1 5 2.2582286497e+02 2.2485049803e+02 2.2558940364e+02 2.2537224791e+02 -6.0114429062e-01 1.3643533758e-01
5 0 1 2.2558940364e+02 2.2537224791e+02 2.2530489770e+02 2.2568868817e+02 1.3643533758e-01 1.3662188754e+00
1 0 5 2.2530489770e+02 2.2568868817e+02 2.2559003572e+02 2.2537179237e+02 1.3662188754e+00 1.3633251608e-01
5 1 7 2.2559003572e+02 2.2537179237e+02 2.2582270168e+02 2.2485038923e+02 1.3633251608e-01 -6.0140016592e-01
7 2 6 2.2582270168e+02 2.2485038923e+02 2.2568652031e+02 2.2517375658e+02 -6.0140016592e-01 -3.2156913680e-01
6 1 4 2.2568652031e+02 2.2517375658e+02 2.2566685078e+02 2.2579802125e+02 -3.2156913680e-01 4.1921749575e-01
4 1 6 2.2566685078e+02 2.2579802125e+02 2.2568601094e+02 2.2517412443e+02 4.1921749575e-01 -3.2162490775e-01
6 1 4 2.2568601094e+02 2.2517412443e+02 2.2566637622e+02 2.2579839019e+02 -3.2162490775e-01 4.1916172480e-01
4 0 0 2.2566637622e+02 2.2579839019e+02 2.2545661600e+02 2.2614882663e+02 4.1916172480e-01 1.6279629835e+00
0 0 4 2.2545661600e+02 2.2614882663e+02 2.2566690111e+02 2.2579785857e+02 1.6279629835e+00 4.1920124510e-01
4 0 0 2.2566690111e+02 2.2579785857e+02 2.2545712703e+02 2.2614828672e+02 4.1920124510e-01 1.6280025038e+00
0 1 2 2.2545712703e+02 2.2614828672e+02 2.2578258381e+02 2.2567802751e+02 1.6280025038e+00 8.9034058482e-01
2 2 3 2.2578258381e+02 2.2567802751e+02 2.2600491887e+02 2.2541646502e+02 8.9034058482e-01 6.2293637971e-01
3 1 1 2.2600491887e+02 2.2541646502e+02 2.2547603276e+02 2.2574766960e+02 6.2293637971e-01 1.3636561080e+00
1 1 3 2.2547603276e+02 2.2574766960e+02 2.2600480645e+02 2.2541618205e+02 1.3636561080e+00 6.2302288514e-01
3 0 7 2.2600480645e+02 2.2541618205e+02 2.2620143296e+02 2.2505812620e+02 6.2302288514e-01 -5.8571743566e-01
7 0 3 2.2620143296e+02 2.2505812620e+02 2.2600472443e+02 2.2541646442e+02 -5.8571743566e-01 6.2311090634e-01
3 1 1 2.2600472443e+02 2.2541646442e+02 2.2547578052e+02 2.2574757669e+02 6.2311090634e-01 1.3638306346e+00
1 2 0 2.2547578052e+02 2.2574757669e+02 2.2526465809e+02 2.2602877352e+02 1.3638306346e+00 1.6438368063e+00
0 0 4 2.2526465809e+02 2.2602877352e+02 2.2548048768e+02 2.2568118756e+02 1.6438368063e+00 4.3507506794e-01
4 2 5 2.2548048768e+02 2.2568118756e+02 2.2559891627e+02 2.2535883878e+02 4.3507506794e-01 1.6769579906e-01
5 2 4 2.2559891627e+02 2.2535883878e+02 2.2548007363e+02 2.2568089340e+02 1.6769579906e-01 4.3517176025e-01
4 1 6 2.2548007363e+02 2.2568089340e+02 2.2550918475e+02 2.2505738165e+02 4.3517176025e-01 -3.0567064325e-01
6 1 4 2.2550918475e+02 2.2505738165e+02 2.2547959325e+02 2.2568125472e+02 -3.0567064325e-01 4.3511598930e-01
4 1 6 2.2547959325e+02 2.2568125472e+02 2.2550866960e+02 2.2505774135e+02 4.3511598930e-01 -3.0572641420e-01
6 2 7 2.2550866960e+02 2.2505774135e+02 2.2564973856e+02 2.2473594651e+02 -3.0572641420e-01 -5.8560843715e-01
7 0 3 2.2564973856e+02 2.2473594651e+02 2.2545299097e+02 2.2509426329e+02 -5.8560843715e-01 6.2321990485e-01
3 0 7 2.2545299097e+02 2.2509426329e+02 2.2564968802e+02 2.2473624618e+02 6.2321990485e-01 -5.8552041595e-01
7 1 5 2.2564968802e+02 2.2473624618e+02 2.2540810377e+02 2.2525428496e+02 -5.8552041595e-01 1.5205921225e-01
5 0 1 2.2540810377e+02 2.2525428496e+02 2.2511868872e+02 2.2556624169e+02 1.5205921225e-01 1.3818427500e+00
1 2 0 2.2511868872e+02 2.2556624169e+02 2.2490253586e+02 2.2584359035e+02 1.3818427500e+00 1.6618489218e+00
0 2 1 2.2490253586e+02 2.2584359035e+02 2.2511799613e+02 2.2556652857e+02 1.6618489218e+00 1.3819938722e+00
1 0 5 2.2511799613e+02 2.2556652857e+02 2.2540809750e+02 2.2525417007e+02 1.3819938722e+00 1.5210751292e-01
5 2 4 2.2540809750e+02 2.2525417007e+02 2.2529428938e+02 2.2557803804e+02 1.5210751292e-01 4.1958347411e-01
4 2 5 2.2529428938e+02 2.2557803804e+02 2.2540771027e+02 2.2525389336e+02 4.1958347411e-01 1.5220420523e-01
5 2 4 2.2540771027e+02 2.2525389336e+02 2.2529387083e+02 2.2557775033e+02 1.5220420523e-01 4.1968016642e-01
4 1 6 2.2529387083e+02 2.2557775033e+02 2.2531331965e+02 2.2495386243e+02 4.1968016642e-01 -3.2116223708e-01
6 1 4 2.2531331965e+02 2.2495386243e+02 2.2529339610e+02 2.2557811905e+02 -3.2116223708e-01 4.1962439547e-01
4 0 0 2.2529339610e+02 2.2557811905e+02 2.2508347376e+02 2.2592845840e+02 4.1962439547e-01 1.6284256542e+00
0 0 4 2.2508347376e+02 2.2592845840e+02 2.2529392123e+02 2.2557758767e+02 1.6284256542e+00 4.1966391577e-01
4 0 0 2.2529392123e+02 2.2557758767e+02 2.2508398505e+02 2.2592791873e+02 4.1966391577e-01 1.6284651745e+00
0 2 1 2.2508398505e+02 2.2592791873e+02 2.2529007762e+02 2.2564381979e+02 1.6284651745e+00 1.3486101249e+00
1 2 0 2.2529007762e+02 2.2564381979e+02 2.2508325944e+02 2.2592819731e+02 1.3486101249e+00 1.6286162966e+00
0 1 2 2.2508325944e+02 2.2592819731e+02 2.2540900480e+02 2.2545813795e+02 1.6286162966e+00 8.9095437766e-01
2 1 0 2.2540900480e+02 2.2545813795e+02 2.2508282719e+02 2.2592691305e+02 8.9095437766e-01 1.6285582833e+00
0 0 4 2.2508282719e+02 2.2592691305e+02 2.2529332120e+02 2.2557607023e+02 1.6285582833e+00 4.1979654490e-01
4 0 0 2.2529332120e+02 2.2557607023e+02 2.2508333855e+02 2.2592637344e+02 4.1979654490e-01 1.6285978036e+00
0 2 1 2.2508333855e+02 2.2592637344e+02 2.2528946880e+02 2.2564230184e+02 1.6285978036e+00 1.3487427540e+00
1 1 3 2.2528946880e+02 2.2564230184e+02 2.2581324028e+02 2.2530296566e+02 1.3487427540e+00 6.0810953120e-01
3 1 1 2.2581324028e+02 2.2530296566e+02 2.2528932284e+02 2.2564197526e+02 6.0810953120e-01 1.3488292595e+00
1 2 0 2.2528932284e+02 2.2564197526e+02 2.2508244235e+02 2.2592630745e+02 1.3488292595e+00 1.6288354312e+00
0 0 4 2.2508244235e+02 2.2592630745e+02 2.2529303358e+02 2.2557552299e+02 1.6288354312e+00 4.2007369280e-01
4 1 6 2.2529303358e+02 2.2557552299e+02 2.2531272792e+02 2.2495164280e+02 4.2007369280e-01 -3.2076871070e-01
6 1 4 2.2531272792e+02 2.2495164280e+02 2.2529255871e+02 2.2557589152e+02 -3.2076871070e-01 4.2001792185e-01
4 1 6 2.2529255871e+02 2.2557589152e+02 2.2531221825e+02 2.2495201023e+02 4.2001792185e-01 -3.2082448165e-01
6 1 4 2.2531221825e+02 2.2495201023e+02 2.2529208386e+02 2.2557626008e+02 -3.2082448165e-01 4.1996215090e-01
4 1 6 2.2529208386e+02 2.2557626008e+02 2.2531170861e+02 2.2495237769e+02 4.1996215090e-01 -3.2088025260e-01
6 2 7 2.2531170861e+02 2.2495237769e+02 2.2544788513e+02 2.2462848215e+02 -3.2088025260e-01 -6.0076227555e-01
7 2 6 2.2544788513e+02 2.2462848215e+02 2.2531149751e+02 2.2495176257e+02 -6.0076227555e-01 -3.2093124643e-01
6 2 7 2.2531149751e+02 2.2495176257e+02 2.2544765752e+02 2.2462786008e+02 -3.2093124643e-01 -6.0081326938e-01
7 0 3 2.2544765752e+02 2.2462786008e+02 2.2525638061e+02 2.2498912684e+02 -6.0081326938e-01 6.0801507262e-01
3 1 1 2.2525638061e+02 2.2498912684e+02 2.2473249519e+02 2.2532818593e+02 6.0801507262e-01 1.3487348009e+00
1 2 0 2.2473249519e+02 2.2532818593e+02 2.2452564156e+02 2.2561253766e+02 1.3487348009e+00 1.6287409726e+00
0 1 2 2.2452564156e+02 2.2561253766e+02 2.2485144552e+02 2.2514251891e+02 1.6287409726e+00 8.9107905364e-01
2 1 0 2.2485144552e+02 2.2514251891e+02 2.2452520947e+02 2.2561125334e+02 8.9107905364e-01 1.6286829593e+00
0 1 2 2.2452520947e+02 2.2561125334e+02 2.2485098616e+02 2.2514121569e+02 1.6286829593e+00 8.9102104030e-01
2 1 0 2.2485098616e+02 2.2514121569e+02 2.2452477730e+02 2.2560996905e+02 8.9102104030e-01 1.6286249459e+00
0 0 4 2.2452477730e+02 2.2560996905e+02 2.2473529470e+02 2.2525914026e+02 1.6286249459e+00 4.1986320754e-01
4 2 5 2.2473529470e+02 2.2525914026e+02 2.2484880625e+02 2.2493502732e+02 4.1986320754e-01 1.5248393866e-01
5 2 4 2.2484880625e+02 2.2493502732e+02 2.2473487623e+02 2.2525885243e+02 1.5248393866e-01 4.1995989985e-01
4 0 0 2.2473487623e+02 2.2525885243e+02 2.2452483636e+02 2.2560912134e+02 4.1995989985e-01 1.6287611585e+00
0 1 2 2.2452483636e+02 2.2560912134e+02 2.2485064981e+02 2.2513910917e+02 1.6287611585e+00 8.9109923957e-01
2 1 0 2.2485064981e+02 2.2513910917e+02 2.2452440430e+02 2.2560783701e+02 8.9109923957e-01 1.6287031452e+00
0 0 4 2.2452440430e+02 2.2560783701e+02 2.2473494912e+02 2.2525702469e+02 1.6287031452e+00 4.1994140681e-01
4 0 0 2.2473494912e+02 2.2525702469e+02 2.2452491573e+02 2.2560729748e+02 4.1994140681e-01 1.6287426655e+00
0 0 4 2.2452491573e+02 2.2560729748e+02 2.2473547443e+02 2.2525649348e+02 1.6287426655e+00 4.1998092711e-01
4 2 5 2.2473547443e+02 2.2525649348e+02 2.2484902413e+02 2.2493239390e+02 4.1998092711e-01 1.5260165823e-01
5 1 7 2.2484902413e+02 2.2493239390e+02 2.2509014171e+02 2.2441484487e+02 1.5260165823e-01 -5.8513102377e-01
7 2 6 2.2509014171e+02 2.2441484487e+02 2.2494871769e+02 2.2473595397e+02 -5.8513102377e-01 -3.0529999465e-01
6 1 4 2.2494871769e+02 2.2473595397e+02 2.2491889495e+02 2.2535981603e+02 -3.0529999465e-01 4.3548663790e-01
4 2 5 2.2491889495e+02 2.2535981603e+02 2.2503745620e+02 2.2503751601e+02 4.3548663790e-01 1.6810736902e-01
5 0 1 2.2503745620e+02 2.2503751601e+02 2.2474307231e+02 2.2534478820e+02 1.6810736902e-01 1.3978909068e+00
1 2 0 2.2474307231e+02 2.2534478820e+02 2.2452249654e+02 2.2561863244e+02 1.3978909068e+00 1.6778970785e+00
0 0 4 2.2452249654e+02 2.2561863244e+02 2.2475003754e+02 2.2527859787e+02 1.6778970785e+00 4.6913534015e-01
4 1 6 2.2475003754e+02 2.2527859787e+02 2.2480030449e+02 2.2465643423e+02 4.6913534015e-01 -2.7170706335e-01
6 1 4 2.2480030449e+02 2.2465643423e+02 2.2474954516e+02 2.2527894267e+02 -2.7170706335e-01 4.6907956920e-01
4 1 6 2.2474954516e+02 2.2527894267e+02 2.2479977741e+02 2.2465677623e+02 4.6907956920e-01 -2.7176283430e-01
6 0 2 2.2479977741e+02 2.2465677623e+02 2.2464898378e+02 2.2505545094e+02 -2.7176283430e-01 9.5807880650e-01
2 0 6 2.2464898378e+02 2.2505545094e+02 2.2480010365e+02 2.2465723876e+02 9.5807880650e-01 -2.7165902430e-01
6 0 2 2.2480010365e+02 2.2465723876e+02 2.2464926863e+02 2.2505589781e+02 -2.7165902430e-01 9.5818261650e-01
2 0 6 2.2464926863e+02 2.2505589781e+02 2.2480042983e+02 2.2465770133e+02 9.5818261650e-01 -2.7155521430e-01
6 0 2 2.2480042983e+02 2.2465770133e+02 2.2464955343e+02 2.2505634472e+02 -2.7155521430e-01 9.5828642650e-01
2 0 6 2.2464955343e+02 2.2505634472e+02 2.2480075596e+02 2.2465816393e+02 9.5828642650e-01 -2.7145140430e-01
6 1 4 2.2480075596e+02 2.2465816393e+02 2.2474983749e+02 2.2528065937e+02 -2.7145140430e-01 4.6933522825e-01
4 0 0 2.2474983749e+02 2.2528065937e+02 2.2452276599e+02 2.2562013482e+02 4.6933522825e-01 1.6781364869e+00
0 2 1 2.2452276599e+02 2.2562013482e+02 2.2474271014e+02 2.2534661896e+02 1.6781364869e+00 1.3982814374e+00
1 2 0 2.2474271014e+02 2.2534661896e+02 2.2452202744e+02 2.2562037704e+02 1.3982814374e+00 1.6782876091e+00
0 1 2 2.2452202744e+02 2.2562037704e+02 2.2487070990e+02 2.2516707097e+02 1.6782876091e+00 9.4062569014e-01
2 1 0 2.2487070990e+02 2.2516707097e+02 2.2452165949e+02 2.2561907289e+02 9.4062569014e-01 1.6782295958e+00
0 1 2 2.2452165949e+02 2.2561907289e+02 2.2487031566e+02 2.2516574660e+02 1.6782295958e+00 9.4056767680e-01
2 2 3 2.2487031566e+02 2.2516574660e+02 2.2510550232e+02 2.2491567653e+02 9.4056767680e-01 6.7316347169e-01
3 1 1 2.2510550232e+02 2.2491567653e+02 2.2456065475e+02 2.2521991018e+02 6.7316347169e-01 1.4138832000e+00
1 1 3 2.2456065475e+02 2.2521991018e+02 2.2510540425e+02 2.2491538827e+02 1.4138832000e+00 6.7324997712e-01
3 0 7 2.2510540425e+02 2.2491538827e+02 2.2531975934e+02 2.2456765580e+02 6.7324997712e-01 -5.3549034368e-01
7 1 5 2.2531975934e+02 2.2456765580e+02 2.2505257066e+02 2.2507296494e+02 -5.3549034368e-01 2.0208928452e-01
5 2 4 2.2505257066e+02 2.2507296494e+02 2.2492272390e+02 2.2539074250e+02 2.0208928452e-01 4.6956524571e-01
4 1 6 2.2492272390e+02 2.2539074250e+02 2.2497325832e+02 2.2476860052e+02 4.6956524571e-01 -2.7127715779e-01
6 1 4 2.2497325832e+02 2.2476860052e+02 2.2492223138e+02 2.2539108708e+02 -2.7127715779e-01 4.6950947476e-01
4 0 0 2.2492223138e+02 2.2539108708e+02 2.2469510073e+02 2.2573052297e+02 4.6950947476e-01 1.6783107335e+00
0 0 4 2.2469510073e+02 2.2573052297e+02 2.2492278236e+02 2.2539058255e+02 1.6783107335e+00 4.6954899506e-01
4 1 6 2.2492278236e+02 2.2539058255e+02 2.2497330666e+02 2.2476843976e+02 4.6954899506e-01 -2.7129340844e-01
6 1 4 2.2497330666e+02 2.2476843976e+02 2.2492228984e+02 2.2539092715e+02 -2.7129340844e-01 4.6949322411e-01
4 2 5 2.2492228984e+02 2.2539092715e+02 2.2505174076e+02 2.2507284456e+02 4.6949322411e-01 2.0211395523e-01
5 1 7 2.2505174076e+02 2.2507284456e+02 2.2531817742e+02 2.2456786318e+02 2.0211395523e-01 -5.3561872677e-01
7 2 6 2.2531817742e+02 2.2456786318e+02 2.2516103436e+02 2.2488157941e+02 -5.3561872677e-01 -2.5578769765e-01
6 2 7 2.2516103436e+02 2.2488157941e+02 2.2531799079e+02 2.2456722762e+02 -2.5578769765e-01 -5.3566972060e-01
7 1 5 2.2531799079e+02 2.2456722762e+02 2.2505089275e+02 2.2507258468e+02 -5.3566972060e-01 2.0190990760e-01
5 2 4 2.2505089275e+02 2.2507258468e+02 2.2492110301e+02 2.2539038552e+02 2.0190990760e-01 4.6938586879e-01
4 2 5 2.2492110301e+02 2.2539038552e+02 2.2505051977e+02 2.2507228904e+02 4.6938586879e-01 2.0200659991e-01
5 0 1 2.2505051977e+02 2.2507228904e+02 2.2474589072e+02 2.2536940721e+02 2.0200659991e-01 1.4317901377e+00
1 1 3 2.2474589072e+02 2.2536940721e+02 2.2529600565e+02 2.2507468841e+02 1.4317901377e+00 6.9115691487e-01
3 1 1 2.2529600565e+02 2.2507468841e+02 2.2474577235e+02 2.2536906965e+02 6.9115691487e-01 1.4318766431e+00
1 1 3 2.2474577235e+02 2.2536906965e+02 2.2529591277e+02 2.2507439843e+02 1.4318766431e+00 6.9124342030e-01
3 2 2 2.2529591277e+02 2.2507439843e+02 2.2505581338e+02 2.2532000877e+02 6.9124342030e-01 9.5864185405e-01
2 1 0 2.2505581338e+02 2.2532000877e+02 2.2469867671e+02 2.2576564912e+02 9.5864185405e-01 1.6962457597e+00
0 1 2 2.2469867671e+02 2.2576564912e+02 2.2505544305e+02 2.2531867751e+02 1.6962457597e+00 9.5858384071e-01
2 1 0 2.2505544305e+02 2.2531867751e+02 2.2469833224e+02 2.2576433858e+02 9.5858384071e-01 1.6961877463e+00
0 2 1 2.2469833224e+02 2.2576433858e+02 2.2492317759e+02 2.2549483734e+02 1.6961877463e+00 1.4163326968e+00
1 0 5 2.2492317759e+02 2.2549483734e+02 2.2522383186e+02 2.2519262276e+02 1.4163326968e+00 1.8644633749e-01
5 1 7 2.2522383186e+02 2.2519262276e+02 2.2548232429e+02 2.2468352910e+02 1.8644633749e-01 -5.5128634451e-01
7 0 3 2.2548232429e+02 2.2468352910e+02 2.2527339681e+02 2.2503488339e+02 -5.5128634451e-01 6.5754199749e-01
3 1 1 2.2527339681e+02 2.2503488339e+02 2.2473336809e+02 2.2534759090e+02 6.5754199749e-01 1.3982617258e+00
1 1 3 2.2473336809e+02 2.2534759090e+02 2.2527329424e+02 2.2503459670e+02 1.3982617258e+00 6.5762850292e-01
3 2 2 2.2527329424e+02 2.2503459670e+02 2.2504158510e+02 2.2528813769e+02 6.5762850292e-01 9.2502693667e-01
2 0 6 2.2504158510e+02 2.2528813769e+02 2.2517946317e+02 2.2488514911e+02 9.2502693667e-01 -3.0471089413e-01
6 2 7 2.2517946317e+02 2.2488514911e+02 2.2532085885e+02 2.2456349770e+02 -3.0471089413e-01 -5.8459291708e-01
7 0 3 2.2532085885e+02 2.2456349770e+02 2.2512374748e+02 2.2492161449e+02 -5.8459291708e-01 6.2423542492e-01
3 2 2 2.2512374748e+02 2.2492161449e+02 2.2490063246e+02 2.2518275017e+02 6.2423542492e-01 8.9163385867e-01
2 0 6 2.2490063246e+02 2.2518275017e+02 2.2502497913e+02 2.2477538295e+02 8.9163385867e-01 -3.3810397213e-01
6 2 7 2.2502497913e+02 2.2477538295e+02 2.2515555704e+02 2.2444919009e+02 -3.3810397213e-01 -6.1798599508e-01
7 0 3 2.2515555704e+02 2.2444919009e+02 2.2497051197e+02 2.2481368817e+02 -6.1798599508e-01 5.9084234692e-01
3 0 7 2.2497051197e+02 2.2481368817e+02 2.2515551624e+02 2.2444949125e+02 5.9084234692e-01 -6.1789797388e-01
7 0 3 2.2515551624e+02 2.2444949125e+02 2.2497043908e+02 2.2481397303e+02 -6.1789797388e-01 5.9093036812e-01
3 0 7 2.2497043908e+02 2.2481397303e+02 2.2515547540e+02 2.2444979240e+02 5.9093036812e-01 -6.1780995268e-01
7 1 5 2.2515547540e+02 2.2444979240e+02 2.2493074140e+02 2.2497536042e+02 -6.1780995268e-01 1.1976967552e-01
5 2 4 2.2493074140e+02 2.2497536042e+02 2.2482746414e+02 2.2530273874e+02 1.1976967552e-01 3.8724563671e-01
4 0 0 2.2482746414e+02 2.2530273874e+02 2.2462899340e+02 2.2565969030e+02 3.8724563671e-01 1.5960468954e+00
0 0 4 2.2462899340e+02 2.2565969030e+02 2.2482797180e+02 2.2530219064e+02 1.5960468954e+00 3.8728515701e-01
4 1 6 2.2482797180e+02 2.2530219064e+02 2.2482720309e+02 2.2467800015e+02 3.8728515701e-01 -3.5355724649e-01
6 2 7 2.2482720309e+02 2.2467800015e+02 2.2495272487e+02 2.2434982847e+02 -3.5355724649e-01 -6.3343926944e-01
7 1 5 2.2495272487e+02 2.2434982847e+02 2.2473623225e+02 2.2487884460e+02 -6.3343926944e-01 1.0414035876e-01
5 0 1 2.2473623225e+02 2.2487884460e+02 2.2446209231e+02 2.2520430638e+02 1.0414035876e-01 1.3339238966e+00
1 0 5 2.2446209231e+02 2.2520430638e+02 2.2473684929e+02 2.2487836889e+02 1.3339238966e+00 1.0403753726e-01
5 0 1 2.2473684929e+02 2.2487836889e+02 2.2446274282e+02 2.2520385885e+02 1.0403753726e-01 1.3338210751e+00
1 0 5 2.2446274282e+02 2.2520385885e+02 2.2473746628e+02 2.2487789312e+02 1.3338210751e+00 1.0393471576e-01
5 0 1 2.2473746628e+02 2.2487789312e+02 2.2446339328e+02 2.2520341126e+02 1.0393471576e-01 1.3337182536e+00
1 1 3 2.2446339328e+02 2.2520341126e+02 2.2498200748e+02 2.2485624427e+02 1.3337182536e+00 5.9308503072e-01
3 0 7 2.2498200748e+02 2.2485624427e+02 2.2516782807e+02 2.2449246317e+02 5.9308503072e-01 -6.1565529008e-01
7 2 6 2.2516782807e+02 2.2449246317e+02 2.2503627002e+02 2.2481773889e+02 -6.1565529008e-01 -3.3582426096e-01
6 2 7 2.2503627002e+02 2.2481773889e+02 2.2516759122e+02 2.2449184456e+02 -3.3582426096e-01 -6.1570628391e-01
7 2 6 2.2516759122e+02 2.2449184456e+02 2.2503604976e+02 2.2481712699e+02 -6.1570628391e-01 -3.3587525479e-01
6 0 2 2.2503604976e+02 2.2481712699e+02 2.2491110842e+02 2.2522464374e+02 -3.3587525479e-01 8.9396638601e-01
2 0 6 2.2491110842e+02 2.2522464374e+02 2.2503640495e+02 2.2481756767e+02 8.9396638601e-01 -3.3577144479e-01
6 2 7 2.2503640495e+02 2.2481756767e+02 2.2516774337e+02 2.2449168028e+02 -3.3577144479e-01 -6.1565346774e-01
7 0 3 2.2516774337e+02 2.2449168028e+02 2.2498184859e+02 2.2485574574e+02 -6.1565346774e-01 5.9317487426e-01
3 2 2 2.2498184859e+02 2.2485574574e+02 2.2476695090e+02 2.2512368443e+02 5.9317487426e-01 8.6057330801e-01
2 2 3 2.2476695090e+02 2.2512368443e+02 2.2498140261e+02 2.2485562048e+02 8.6057330801e-01 5.9316910290e-01
3 0 7 2.2498140261e+02 2.2485562048e+02 2.2516725377e+02 2.2449185501e+02 5.9316910290e-01 -6.1557121790e-01
7 1 5 2.2516725377e+02 2.2449185501e+02 2.2494134373e+02 2.2501691860e+02 -6.1557121790e-01 1.2200841030e-01
5 1 7 2.2494134373e+02 2.2501691860e+02 2.2516651744e+02 2.2449223633e+02 1.2200841030e-01 -6.1572427170e-01
7 1 5 2.2516651744e+02 2.2449223633e+02 2.2494068776e+02 2.2501733449e+02 -6.1572427170e-01 1.2185535650e-01
5 0 1 2.2494068776e+02 2.2501733449e+02 2.2466082558e+02 2.2533788906e+02 1.2185535650e-01 1.3516388943e+00
1 0 5 2.2466082558e+02 2.2533788906e+02 2.2494131313e+02 2.2501686978e+02 1.3516388943e+00 1.2175253500e-01
5 1 7 2.2494131313e+02 2.2501686978e+02 2.2516635258e+02 2.2449212991e+02 1.2175253500e-01 -6.1598014700e-01
7 0 3 2.2516635258e+02 2.2449212991e+02 2.2498057675e+02 2.2485625608e+02 -6.1598014700e-01 5.9284819500e-01
3 0 7 2.2498057675e+02 2.2485625608e+02 2.2516631117e+02 2.2449243099e+02 5.9284819500e-01 -6.1589212580e-01
7 1 5 2.2516631117e+02 2.2449243099e+02 2.2494056964e+02 2.2501756705e+02 -6.1589212580e-01 1.2168750240e-01
5 2 4 2.2494056964e+02 2.2501756705e+02 2.2483666471e+02 2.2534474669e+02 1.2168750240e-01 3.8916346359e-01
4 2 5 2.2483666471e+02 2.2534474669e+02 2.2494017416e+02 2.2501730224e+02 3.8916346359e-01 1.2178419471e-01
5 0 1 2.2494017416e+02 2.2501730224e+02 2.2466033480e+02 2.2533787673e+02 1.2178419471e-01 1.3515677325e+00
1 2 0 2.2466033480e+02 2.2533787673e+02 2.2445267644e+02 2.2562164132e+02 1.3515677325e+00 1.6315739042e+00
0 1 2 2.2445267644e+02 2.2562164132e+02 2.2477981063e+02 2.2515254744e+02 1.6315739042e+00 8.9391198526e-01
2 1 0 2.2477981063e+02 2.2515254744e+02 2.2445224799e+02 2.2562035578e+02 8.9391198526e-01 1.6315158909e+00
0 2 1 2.2445224799e+02 2.2562035578e+02 2.2465920631e+02 2.2533688690e+02 1.6315158909e+00 1.3516608413e+00
1 1 3 2.2465920631e+02 2.2533688690e+02 2.2518396578e+02 2.2499908057e+02 1.3516608413e+00 6.1102761850e-01
3 2 2 2.2518396578e+02 2.2499908057e+02 2.2496431915e+02 2.2526314025e+02 6.1102761850e-01 8.7842605225e-01
2 2 3 2.2496431915e+02 2.2526314025e+02 2.2518352210e+02 2.2499894737e+02 8.7842605225e-01 6.1102184714e-01
3 1 1 2.2518352210e+02 2.2499894737e+02 2.2465861958e+02 2.2533642972e+02 6.1102184714e-01 1.3517415754e+00
1 2 0 2.2465861958e+02 2.2533642972e+02 2.2445091190e+02 2.2562015821e+02 1.3517415754e+00 1.6317477471e+00
0 0 4 2.2445091190e+02 2.2562015821e+02 2.2466252383e+02 2.2526998854e+02 1.6317477471e+00 4.2298600874e-01
4 0 0 2.2466252383e+02 2.2526998854e+02 2.2445142498e+02 2.2561962024e+02 4.2298600874e-01 1.6317872674e+00
0 2 1 2.2445142498e+02 2.2561962024e+02 2.2465846021e+02 2.2533620753e+02 1.6317872674e+00 1.3519322179e+00
1 1 3 2.2465846021e+02 2.2533620753e+02 2.2518331133e+02 2.2499854362e+02 1.3519322179e+00 6.1129899504e-01
3 1 1 2.2518331133e+02 2.2499854362e+02 2.2465831530e+02 2.2533588048e+02 6.1129899504e-01 1.3520187233e+00
1 2 0 2.2465831530e+02 2.2533588048e+02 2.2445052899e+02 2.2561955139e+02 1.3520187233e+00 1.6320248950e+00
0 2 1 2.2445052899e+02 2.2561955139e+02 2.2465763157e+02 2.2533618789e+02 1.6320248950e+00 1.3521698455e+00
1 1 3 2.2465763157e+02 2.2533618789e+02 2.2518256291e+02 2.2499864871e+02 1.3521698455e+00 6.1153662264e-01
3 0 7 2.2518256291e+02 2.2499864871e+02 2.2537506382e+02 2.2463835802e+02 6.1153662264e-01 -5.9720369816e-01
7 2 6 2.2537506382e+02 2.2463835802e+02 2.2523752665e+02 2.2496115105e+02 -5.9720369816e-01 -3.1737266904e-01
6 0 2 2.2523752665e+02 2.2496115105e+02 2.2510506702e+02 2.2536628645e+02 -3.1737266904e-01 9.1246897176e-01
2 2 3 2.2510506702e+02 2.2536628645e+02 2.2533313513e+02 2.2510970751e+02 9.1246897176e-01 6.4506476665e-01
3 0 7 2.2533313513e+02 2.2510970751e+02 2.2553760547e+02 2.2475607231e+02 6.4506476665e-01 -5.6367555415e-01
7 2 6 2.2553760547e+02 2.2475607231e+02 2.2538932497e+02 2.2507407342e+02 -5.6367555415e-01 -2.8384452503e-01
6 1 4 2.2538932497e+02 2.2507407342e+02 2.2534612488e+02 2.2569715208e+02 -2.8384452503e-01 4.5694210752e-01
4 2 5 2.2534612488e+02 2.2569715208e+02 2.2547157341e+02 2.2537746983e+02 4.5694210752e-01 1.8956283864e-01
5 1 7 2.2547157341e+02 2.2537746983e+02 2.2573165118e+02 2.2486918424e+02 1.8956283864e-01 -5.4816984336e-01
7 0 3 2.2573165118e+02 2.2486918424e+02 2.2552162971e+02 2.2521988570e+02 -5.4816984336e-01 6.6065849864e-01
3 1 1 2.2552162971e+02 2.2521988570e+02 2.2498062907e+02 2.2553090869e+02 6.6065849864e-01 1.4013782269e+00
1 1 3 2.2498062907e+02 2.2553090869e+02 2.2552152804e+02 2.2521959869e+02 1.4013782269e+00 6.6074500407e-01
3 2 2 2.2552152804e+02 2.2521959869e+02 2.2528902986e+02 2.2547241633e+02 6.6074500407e-01 9.2814343782e-01
2 2 3 2.2528902986e+02 2.2547241633e+02 2.2552109153e+02 2.2521944361e+02 9.2814343782e-01 6.6073923271e-01
3 0 7 2.2552109153e+02 2.2521944361e+02 2.2573107957e+02 2.2486905668e+02 6.6073923271e-01 -5.4800108809e-01
7 1 5 2.2573107957e+02 2.2486905668e+02 2.2547023342e+02 2.2537766892e+02 -5.4800108809e-01 1.8957854011e-01
5 0 1 2.2547023342e+02 2.2537766892e+02 2.2516932040e+02 2.2567855000e+02 1.8957854011e-01 1.4193620779e+00
1 0 5 2.2516932040e+02 2.2567855000e+02 2.2547088881e+02 2.2537724760e+02 1.4193620779e+00 1.8947571861e-01
5 0 1 2.2547088881e+02 2.2537724760e+02 2.2517000672e+02 2.2567815962e+02 1.8947571861e-01 1.4192592564e+00
1 2 0 2.2517000672e+02 2.2567815962e+02 2.2494363015e+02 2.2594722836e+02 1.4192592564e+00 1.6992654281e+00
0 0 4 2.2494363015e+02 2.2594722836e+02 2.2517838463e+02 2.2561213322e+02 1.6992654281e+00 4.9050368974e-01
4 1 6 2.2517838463e+02 2.2561213322e+02 2.2524193370e+02 2.2499118566e+02 4.9050368974e-01 -2.5033871376e-01
6 0 2 2.2524193370e+02 2.2499118566e+02 2.2508263407e+02 2.2538653851e+02 -2.5033871376e-01 9.7950292704e-01
2 2 3 2.2508263407e+02 2.2538653851e+02 2.2532737658e+02 2.2514581269e+02 9.7950292704e-01 7.1209872193e-01
3 1 1 2.2532737658e+02 2.2514581269e+02 2.2477109951e+02 2.2542860735e+02 7.1209872193e-01 1.4528184502e+00
1 0 5 2.2477109951e+02 2.2542860735e+02 2.2508257776e+02 2.2513756107e+02 1.4528184502e+00 2.2293209090e-01
5 1 7 2.2508257776e+02 2.2513756107e+02 2.2535946870e+02 2.2463823543e+02 2.2293209090e-01 -5.1480059110e-01
7 2 6 2.2535946870e+02 2.2463823543e+02 2.2519582917e+02 2.2494861248e+02 -5.1480059110e-01 -2.3496956198e-01
6 0 2 2.2519582917e+02 2.2494861248e+02 2.2503047236e+02 2.2534147043e+02 -2.3496956198e-01 9.9487207882e-01
2 0 6 2.2503047236e+02 2.2534147043e+02 2.2519613816e+02 2.2494908670e+02 9.9487207882e-01 -2.3486575198e-01
6 0 2 2.2519613816e+02 2.2494908670e+02 2.2503074057e+02 2.2534192748e+02 -2.3486575198e-01 9.9497588882e-01
2 2 3 2.2503074057e+02 2.2534192748e+02 2.2527917837e+02 2.2510501722e+02 9.9497588882e-01 7.2757168371e-01
3 1 1 2.2527917837e+02 2.2510501722e+02 2.2471859240e+02 2.2537917112e+02 7.2757168371e-01 1.4682914120e+00
1 0 5 2.2471859240e+02 2.2537917112e+02 2.2503453653e+02 2.2509297898e+02 1.4682914120e+00 2.3840505268e-01
5 0 1 2.2503453653e+02 2.2509297898e+02 2.2471929699e+02 2.2537881478e+02 2.3840505268e-01 1.4681885905e+00
1 0 5 2.2471929699e+02 2.2537881478e+02 2.2503521170e+02 2.2509259015e+02 1.4681885905e+00 2.3830223118e-01
5 0 1 2.2503521170e+02 2.2509259015e+02 2.2472000155e+02 2.2537845836e+02 2.3830223118e-01 1.4680857690e+00
1 1 3 2.2472000155e+02 2.2537845836e+02 2.2528044882e+02 2.2510389604e+02 1.4680857690e+00 7.2745254614e-01
3 2 2 2.2528044882e+02 2.2510389604e+02 2.2503161541e+02 2.2534065350e+02 7.2745254614e-01 9.9485097989e-01
2 2 3 2.2503161541e+02 2.2534065350e+02 2.2528002362e+02 2.2510371221e+02 9.9485097989e-01 7.2744677478e-01
3 1 1 2.2528002362e+02 2.2510371221e+02 2.2471947189e+02 2.2537793612e+02 7.2744677478e-01 1.4681665030e+00
1 0 5 2.2471947189e+02 2.2537793612e+02 2.2503538028e+02 2.2509170452e+02 1.4681665030e+00 2.3828014375e-01
5 1 7 2.2503538028e+02 2.2509170452e+02 2.2531990198e+02 2.2459668726e+02 2.3828014375e-01 -4.9945253825e-01
7 1 5 2.2531990198e+02 2.2459668726e+02 2.2503468049e+02 2.2509204150e+02 -4.9945253825e-01 2.3812708995e-01
5 1 7 2.2503468049e+02 2.2509204150e+02 2.2531912643e+02 2.2459698070e+02 2.3812708995e-01 -4.9960559205e-01
7 1 5 2.2531912643e+02 2.2459698070e+02 2.2503398076e+02 2.2509237859e+02 -4.9960559205e-01 2.3797403615e-01
5 1 7 2.2503398076e+02 2.2509237859e+02 2.2531835092e+02 2.2459727426e+02 2.3797403615e-01 -4.9975864585e-01
7 1 5 2.2531835092e+02 2.2459727426e+02 2.2503328108e+02 2.2509271579e+02 -4.9975864585e-01 2.3782098235e-01
5 2 4 2.2503328108e+02 2.2509271579e+02 2.2489216489e+02 2.2540565185e+02 2.3782098235e-01 5.0529694354e-01
4 2 5 2.2489216489e+02 2.2540565185e+02 2.2503291895e+02 2.2509240695e+02 5.0529694354e-01 2.3791767466e-01
5 1 7 2.2503291895e+02 2.2509240695e+02 2.2531726121e+02 2.2459728659e+02 2.3791767466e-01 -4.9981500734e-01
7 1 5 2.2531726121e+02 2.2459728659e+02 2.2503221929e+02 2.2509274418e+02 -4.9981500734e-01 2.3776462086e-01
5 1 7 2.2503221929e+02 2.2509274418e+02 2.2531648576e+02 2.2459758031e+02 2.3776462086e-01 -4.9996806114e-01
7 2 6 2.2531648576e+02 2.2459758031e+02 2.2514826072e+02 2.2490549613e+02 -4.9996806114e-01 -2.2013703202e-01
6 0 2 2.2514826072e+02 2.2490549613e+02 2.2497709524e+02 2.2529585829e+02 -2.2013703202e-01 1.0097046088e+00
2 0 6 2.2497709524e+02 2.2529585829e+02 2.2514856265e+02 2.2490597488e+02 1.0097046088e+00 -2.2003322202e-01
6 0 2 2.2514856265e+02 2.2490597488e+02 2.2497735664e+02 2.2529631927e+02 -2.2003322202e-01 1.0098084188e+00
2 1 0 2.2497735664e+02 2.2529631927e+02 2.2459789543e+02 2.2572311092e+02 1.0098084188e+00 1.7474123244e+00
0 0 4 2.2459789543e+02 2.2572311092e+02 2.2484850542e+02 2.2539970244e+02 1.7474123244e+00 5.3865058602e-01
4 1 6 2.2484850542e+02 2.2539970244e+02 2.2494186599e+02 2.2478253297e+02 5.3865058602e-01 -2.0219181748e-01
6 0 2 2.2494186599e+02 2.2478253297e+02 2.2476372331e+02 2.2516976084e+02 -2.0219181748e-01 1.0276498233e+00
2 2 3 2.2476372331e+02 2.2516976084e+02 2.2501976792e+02 2.2494109303e+02 1.0276498233e+00 7.6024561821e-01
3 2 2 2.2501976792e+02 2.2494109303e+02 2.2476330569e+02 2.2516956464e+02 7.6024561821e-01 1.0276440520e+00
2 1 0 2.2476330569e+02 2.2516956464e+02 2.2437629313e+02 2.2558952084e+02 1.0276440520e+00 1.7652479576e+00
0 0 4 2.2437629313e+02 2.2558952084e+02 2.2463263115e+02 2.2527063335e+02 1.7652479576e+00 5.5648621920e-01
4 0 0 2.2463263115e+02 2.2527063335e+02 2.2437687325e+02 2.2558905595e+02 5.5648621920e-01 1.7652874779e+00
0 0 4 2.2437687325e+02 2.2558905595e+02 2.2463322387e+02 2.2527017859e+02 1.7652874779e+00 5.5652573950e-01
4 0 0 2.2463322387e+02 2.2527017859e+02 2.2437745338e+02 2.2558859108e+02 5.5652573950e-01 1.7653269982e+00
0 0 4 2.2437745338e+02 2.2558859108e+02 2.2463381661e+02 2.2526972385e+02 1.7653269982e+00 5.5656525980e-01
4 2 5 2.2463381661e+02 2.2526972385e+02 2.2479043823e+02 2.2496410360e+02 5.5656525980e-01 2.8918599092e-01
5 1 7 2.2479043823e+02 2.2496410360e+02 2.2509977975e+02 2.2448420516e+02 2.8918599092e-01 -4.4854669108e-01
7 0 3 2.2509977975e+02 2.2448420516e+02 2.2485591941e+02 2.2481227933e+02 -4.4854669108e-01 7.6028165092e-01
3 2 2 2.2485591941e+02 2.2481227933e+02 2.2459944894e+02 2.2504074170e+02 7.6028165092e-01 1.0276800847e+00
2 0 6 2.2459944894e+02 2.2504074170e+02 2.2477789662e+02 2.2465400332e+02 1.0276800847e+00 -2.0205774613e-01
6 2 7 2.2477789662e+02 2.2465400332e+02 2.2495150853e+02 2.2434853438e+02 -2.0205774613e-01 -4.8193976908e-01
7 1 5 2.2495150853e+02 2.2434853438e+02 2.2465765619e+02 2.2483881790e+02 -4.8193976908e-01 2.5563985912e-01
5 0 1 2.2465765619e+02 2.2483881790e+02 2.2433753739e+02 2.2511917843e+02 2.5563985912e-01 1.4854233969e+00
1 0 5 2.2433753739e+02 2.2511917843e+02 2.2465833796e+02 2.2483844076e+02 1.4854233969e+00 2.5553703762e-01
5 2 4 2.2465833796e+02 2.2483844076e+02 2.2451170022e+02 2.2514882782e+02 2.5553703762e-01 5.2301299881e-01
4 1 6 2.2451170022e+02 2.2514882782e+02 2.2459539873e+02 2.2453027393e+02 5.2301299881e-01 -2.1782940469e-01
6 2 7 2.2459539873e+02 2.2453027393e+02 2.2476417150e+02 2.2422210495e+02 -2.1782940469e-01 -4.9771142764e-01
7 2 6 2.2476417150e+02 2.2422210495e+02 2.2459525204e+02 2.2452964035e+02 -4.9771142764e-01 -2.1788039852e-01
6 1 4 2.2459525204e+02 2.2452964035e+02 2.2451107486e+02 2.2514851632e+02 -2.1788039852e-01 5.2290623403e-01
4 0 0 2.2451107486e+02 2.2514851632e+02 2.2426615176e+02 2.2547534614e+02 5.2290623403e-01 1.7317074927e+00
0 0 4 2.2426615176e+02 2.2547534614e+02 2.2451165197e+02 2.2514804192e+02 1.7317074927e+00 5.2294575433e-01
4 2 5 2.2451165197e+02 2.2514804192e+02 2.2465791223e+02 2.2483732982e+02 5.2294575433e-01 2.5556648545e-01
5 1 7 2.2465791223e+02 2.2483732982e+02 2.2495094803e+02 2.2434730461e+02 2.5556648545e-01 -4.8216619655e-01
7 1 5 2.2495094803e+02 2.2434730461e+02 2.2465720672e+02 2.2483765465e+02 -4.8216619655e-01 2.5541343165e-01
5 0 1 2.2465720672e+02 2.2483765465e+02 2.2433715141e+02 2.2511808766e+02 2.5541343165e-01 1.4851969694e+00
1 0 5 2.2433715141e+02 2.2511808766e+02 2.2465788840e+02 2.2483727736e+02 1.4851969694e+00 2.5531061015e-01
5 2 4 2.2465788840e+02 2.2483727736e+02 2.2451132094e+02 2.2514769762e+02 2.5531061015e-01 5.2278657134e-01
4 0 0 2.2451132094e+02 2.2514769762e+02 2.2426643696e+02 2.2547455674e+02 5.2278657134e-01 1.7315878300e+00
0 1 2 2.2426643696e+02 2.2547455674e+02 2.2463877412e+02 2.2504047048e+02 1.7315878300e+00 9.9392591106e-01
2 2 3 2.2463877412e+02 2.2504047048e+02 2.2488696304e+02 2.2480329950e+02 9.9392591106e-01 7.2652170595e-01
3 2 2 2.2488696304e+02 2.2480329950e+02 2.2463835012e+02 2.2504028847e+02 7.2652170595e-01 9.9392013970e-01
2 1 0 2.2463835012e+02 2.2504028847e+02 2.2426571750e+02 2.2547305499e+02 9.9392013970e-01 1.7315240453e+00
0 0 4 2.2426571750e+02 2.2547305499e+02 2.2451115767e+02 2.2514570574e+02 1.7315240453e+00 5.2276230694e-01
4 0 0 2.2451115767e+02 2.2514570574e+02 2.2426628162e+02 2.2547257080e+02 5.2276230694e-01 1.7315635656e+00
0 1 2 2.2426628162e+02 2.2547257080e+02 2.2463860825e+02 2.2503847551e+02 1.7315635656e+00 9.9390164666e-01
2 0 6 2.2463860825e+02 2.2503847551e+02 2.2480389320e+02 2.2464593120e+02 9.9390164666e-01 -2.3583618414e-01
6 0 2 2.2480389320e+02 2.2464593120e+02 2.2463887691e+02 2.2503893230e+02 -2.3583618414e-01 9.9400545666e-01
2 2 3 2.2463887691e+02 2.2503893230e+02 2.2488708469e+02 2.2480178106e+02 9.9400545666e-01 7.2660125155e-01
3 0 7 2.2488708469e+02 2.2480178106e+02 2.2511967796e+02 2.2446597405e+02 7.2660125155e-01 -4.8213906925e-01
7 0 3 2.2511967796e+02 2.2446597405e+02 2.2488697391e+02 2.2480205344e+02 -4.8213906925e-01 7.2668927275e-01
3 1 1 2.2488697391e+02 2.2480205344e+02 2.2432663007e+02 2.2507670190e+02 7.2668927275e-01 1.4674090010e+00
1 1 3 2.2432663007e+02 2.2507670190e+02 2.2488689140e+02 2.2480176035e+02 1.4674090010e+00 7.2677577818e-01
3 1 1 2.2488689140e+02 2.2480176035e+02 2.2432652380e+02 2.2507636033e+02 7.2677577818e-01 1.4674955064e+00
1 1 3 2.2432652380e+02 2.2507636033e+02 2.2488680891e+02 2.2480146725e+02 1.4674955064e+00 7.2686228361e-01
3 1 1 2.2488680891e+02 2.2480146725e+02 2.2432641756e+02 2.2507601876e+02 7.2686228361e-01 1.4675820119e+00
1 1 3 2.2432641756e+02 2.2507601876e+02 2.2488672645e+02 2.2480117415e+02 1.4675820119e+00 7.2694878904e-01
3 2 2 2.2488672645e+02 2.2480117415e+02 2.2463801234e+02 2.2503805692e+02 7.2694878904e-01 9.9434722279e-01
2 0 6 2.2463801234e+02 2.2503805692e+02 2.2480347218e+02 2.2464558630e+02 9.9434722279e-01 -2.3539060801e-01
6 2 7 2.2480347218e+02 2.2464558630e+02 2.2496680739e+02 2.2433450113e+02 -2.3539060801e-01 -5.1527263096e-01
7 0 3 2.2496680739e+02 2.2433450113e+02 2.2474536454e+02 2.2467810496e+02 -5.1527263096e-01 6.9355571104e-01
3 1 1 2.2474536454e+02 2.2467810496e+02 2.2419442667e+02 2.2497116546e+02 6.9355571104e-01 1.4342754393e+00
1 0 5 2.2419442667e+02 2.2497116546e+02 2.2450045481e+02 2.2467439380e+02 1.4342754393e+00 2.0438908001e-01
5 2 4 2.2450045481e+02 2.2467439380e+02 2.2436987758e+02 2.2499187190e+02 2.0438908001e-01 4.7186504120e-01
4 0 0 2.2436987758e+02 2.2499187190e+02 2.2414194799e+02 2.2533077182e+02 4.7186504120e-01 1.6806662999e+00
0 0 4 2.2414194799e+02 2.2533077182e+02 2.2437042974e+02 2.2499136867e+02 1.6806662999e+00 4.7190456150e-01
4 1 6 2.2437042974e+02 2.2499136867e+02 2.2442241940e+02 2.2436934661e+02 4.7190456150e-01 -2.6893784200e-01
6 2 7 2.2442241940e+02 2.2436934661e+02 2.2457522861e+02 2.2405295807e+02 -2.6893784200e-01 -5.4881986495e-01
7 1 5 2.2457522861e+02 2.2405295807e+02 2.2431479900e+02 2.2456178371e+02 -5.4881986495e-01 1.8875976325e-01
5 1 7 2.2431479900e+02 2.2456178371e+02 2.2457446849e+02 2.2405328942e+02 1.8875976325e-01 -5.4897291875e-01
7 1 5 2.2457446849e+02 2.2405328942e+02 2.2431411675e+02 2.2456215492e+02 -5.4897291875e-01 1.8860670945e-01
5 0 1 2.2431411675e+02 2.2456215492e+02 2.2401349627e+02 2.2486332829e+02 1.8860670945e-01 1.4183902472e+00
1 0 5 2.2401349627e+02 2.2486332829e+02 2.2431477172e+02 2.2456173296e+02 1.4183902472e+00 1.8850388795e-01
5 2 4 2.2431477172e+02 2.2456173296e+02 2.2418925396e+02 2.2488124516e+02 1.8850388795e-01 4.5597984914e-01
4 0 0 2.2418925396e+02 2.2488124516e+02 2.2396673639e+02 2.2522372288e+02 4.5597984914e-01 1.6647811078e+00
0 0 4 2.2396673639e+02 2.2522372288e+02 2.2418979806e+02 2.2488073322e+02 1.6647811078e+00 4.5601936944e-01
4 2 5 2.2418979806e+02 2.2488073322e+02 2.2431495155e+02 2.2456093536e+02 4.5601936944e-01 1.8864010056e-01
5 1 7 2.2431495155e+02 2.2456093536e+02 2.2457456019e+02 2.2405241000e+02 1.8864010056e-01 -5.4909258144e-01
7 2 6 2.2457456019e+02 2.2405241000e+02 2.2442165823e+02 2.2436821500e+02 -5.4909258144e-01 -2.6926155232e-01
