-1.3012477512e-01 -1.6647949340e-01 -9.1579304218e-02 
-7.4148003139e-02 -4.6462787984e-02 6.7392871938e-02 
-7.6705304650e-02 4.7635599690e-02 -1.4852205866e-02 
-1.2636083057e-02 -8.5322320664e-02 -1.1454134433e-02 
-1.2541949081e-02 -8.5271441667e-02 -1.1532043863e-02 
-7.6838999125e-02 4.7535645275e-02 -1.4820053163e-02 
-7.4255793216e-02 -4.6489734078e-02 6.7320470400e-02 
-1.2988580688e-01 -1.6642033017e-01 -9.1484235487e-02 


-1.7942094022e-01 -2.6199380984e-01 -1.5636768609e-01 
-2.1175604981e-01 -3.1893536203e-01 1.6831625375e-01 
-2.1073615258e-01 3.0712740909e-01 -1.7858131234e-01 
-2.2127751855e-01 3.1099684186e-01 1.7907380072e-01 
2.2111800218e-01 -3.1086969133e-01 -1.7891404385e-01 
2.1086315245e-01 -3.0723164044e-01 1.7875507273e-01 
2.1188423387e-01 3.1920483874e-01 -1.6840252633e-01 
1.7951870471e-01 2.6220982580e-01 1.5645686933e-01 


-6.8486111468e-01 -4.1173723596e-01 -1.4742807402e-01 
-6.8828300579e-01 -4.1215814660e-01 1.4744260424e-01 
-6.8829908263e-01 4.1177744310e-01 -1.4537428212e-01 
-6.8483101712e-01 4.1224458654e-01 1.4542876557e-01 
6.8487239645e-01 -4.1218581963e-01 -1.4540060108e-01 
6.8822146198e-01 -4.1173829400e-01 1.4541046405e-01 
6.8823077917e-01 4.1220011859e-01 -1.4744533523e-01 
6.8483324433e-01 4.1168992288e-01 1.4738361644e-01 


3.7905913809e+02 5.9450379275e+02 2.6934521367e+02 
3.7493493620e+02 5.7056443832e+02 2.6928442222e+02 
3.7506771094e+02 5.9515629984e+02 2.6481077871e+02 
3.7943152265e+02 5.7072544862e+02 2.6512071712e+02 
3.7895905042e+02 5.7070217551e+02 2.6502650411e+02 
3.7526368736e+02 5.9537572732e+02 2.6520254505e+02 
3.7509246744e+02 5.7068069995e+02 2.6932357170e+02 
3.7909379021e+02 5.9458783312e+02 2.6936803781e+02 


-2.0861427775e-01 -7.2142358495e-02 -2.5943906082e-02 
-1.0354242127e-01 1.6480049031e-01 5.3512276410e-02 
5.8730403670e-02 1.8989595288e-01 1.2222372556e-01 
1.7830305254e-01 -8.4078046262e-02 -1.0397680631e-01 
1.7842795698e-01 -8.4021088833e-02 -1.0404572170e-01 
5.8513719248e-02 1.8981123851e-01 1.2230105719e-01 
-1.0375414417e-01 1.6487004269e-01 5.3435889991e-02 
-2.0843724193e-01 -7.2205635921e-02 -2.5953933964e-02 


2.6361487499e-02 3.0954034020e-01 1.9125573578e-01 
-3.4309632920e-02 1.6741254647e-01 -1.8523437225e-01 
-9.2292484153e-02 -2.5456253927e-01 1.1911249688e-01 
-1.1167070127e-01 -2.1962364537e-01 -1.3557579162e-01 
1.1134160253e-01 2.1949880660e-01 1.3561213981e-01 
9.2741904546e-02 2.5429595954e-01 -1.1908896727e-01 
3.4642376910e-02 -1.6729735950e-01 1.8515875384e-01 
-2.6159960564e-02 -3.0915635125e-01 -1.9100744165e-01 


