-2.0900701589e-02 -2.6968879243e-02 -1.4749937272e-02 
-1.1185684445e-02 -6.5272092688e-03 1.0066978724e-02 
-1.2123004018e-02 7.3035059589e-03 -3.1779540872e-03 
-1.6580144095e-03 -1.3983717856e-02 -2.3534509481e-03 
-2.6341109991e-03 -1.3538218417e-02 -2.2872970718e-03 
-1.2212329722e-02 7.5741728704e-03 -2.8645960820e-03 
-1.0914022475e-02 -6.4507699660e-03 9.8235504138e-03 
-2.0650027499e-02 -2.6315715613e-02 -1.4302210706e-02 


-8.2439338491e-02 -1.1613239346e-01 -6.6262357305e-02 
-8.4220059884e-02 -1.1960774607e-01 6.7542462411e-02 
-8.3266726686e-02 1.1724212709e-01 -6.6766431336e-02 
-8.4545147222e-02 1.1848331267e-01 6.7447387146e-02 
8.4508099873e-02 -1.1810952405e-01 -6.7001808612e-02 
8.3465927227e-02 -1.1801321023e-01 6.7558234595e-02 
8.2925507876e-02 1.1780003524e-01 -6.6595342161e-02 
8.2353005716e-02 1.1593791320e-01 6.5975782983e-02 


-2.7590985913e-01 -1.6480209827e-01 -5.7653104758e-02 
-2.7612181043e-01 -1.6490672382e-01 5.7804271413e-02 
-2.7597318455e-01 1.6458416910e-01 -5.7446147001e-02 
-2.7576393601e-01 1.6477730464e-01 5.7543535529e-02 
2.7574452058e-01 -1.6470150024e-01 -5.7474694490e-02 
2.7606862972e-01 -1.6480882030e-01 5.7667571782e-02 
2.7618543767e-01 1.6476869440e-01 -5.7603202218e-02 
2.7576760058e-01 1.6464942217e-01 5.7554623686e-02 


5.5767196512e+00 8.6952257815e+00 3.9370698782e+00 
5.5721439643e+00 8.6527812739e+00 3.9521531293e+00 
5.5698884366e+00 8.6822602028e+00 3.9218738503e+00 
5.6000755787e+00 8.6514547382e+00 3.9249724433e+00 
5.5902150145e+00 8.6564062623e+00 3.9417180576e+00 
5.5827977547e+00 8.7135576762e+00 3.9449609218e+00 
5.5603580521e+00 8.6606576351e+00 3.9453751366e+00 
5.5820868268e+00 8.6955414505e+00 3.9248772298e+00 


-3.5341035197e-02 -1.4751502564e-02 -7.3020493807e-03 
-1.6383612053e-02 2.8970944733e-02 1.0010044899e-02 
1.0834212377e-02 3.1414642495e-02 1.9143651620e-02 
3.0742680261e-02 -1.3771208856e-02 -1.7432090035e-02 
2.9760343978e-02 -1.3322394083e-02 -1.7356754222e-02 
1.0788070759e-02 3.1646679308e-02 1.9571472391e-02 
-1.6058393023e-02 2.8910769752e-02 9.8963663189e-03 
-3.5227734195e-02 -1.4268989949e-02 -6.9555017654e-03 


-1.4333813010e-02 1.0406836304e-01 6.3483540888e-02 
-1.8109631674e-02 9.4959832138e-02 -6.3081849496e-02 
-2.1737975031e-02 -1.0101146060e-01 5.8970693469e-02 
-2.3596333621e-02 -9.8422824407e-02 -5.9800297022e-02 
2.3645363028e-02 9.8458100662e-02 5.9937406330e-02 
2.1513128100e-02 1.0123821648e-01 -5.9162777635e-02 
1.6534919823e-02 -9.6165383835e-02 6.3144674724e-02 
1.4868856680e-02 -1.0360003113e-01 -6.3342113422e-02 


